[[5, [-1, -1, 1]],
 [8, [-2, 0, 1]],
 [12, [-3, 0, 1]],
 [13, [-3, -1, 1]],
 [17, [-4, -1, 1]],
 [21, [-5, -1, 1]],
 [24, [-6, 0, 1]],
 [28, [-7, 0, 1]],
 [29, [-7, -1, 1]],
 [33, [-8, -1, 1]],
 [37, [-9, -1, 1]],
 [40, [-10, 0, 1]],
 [41, [-10, -1, 1]],
 [44, [-11, 0, 1]],
 [53, [-13, -1, 1]],
 [56, [-14, 0, 1]],
 [57, [-14, -1, 1]],
 [60, [-15, 0, 1]],
 [61, [-15, -1, 1]],
 [65, [-16, -1, 1]],
 [69, [-17, -1, 1]],
 [73, [-18, -1, 1]],
 [76, [-19, 0, 1]],
 [77, [-19, -1, 1]],
 [85, [-21, -1, 1]],
 [88, [-22, 0, 1]],
 [89, [-22, -1, 1]],
 [92, [-23, 0, 1]],
 [93, [-23, -1, 1]],
 [97, [-24, -1, 1]],
 [101, [-25, -1, 1]],
 [104, [-26, 0, 1]],
 [105, [-26, -1, 1]],
 [109, [-27, -1, 1]],
 [113, [-28, -1, 1]],
 [120, [-30, 0, 1]],
 [124, [-31, 0, 1]],
 [129, [-32, -1, 1]],
 [133, [-33, -1, 1]],
 [136, [-34, 0, 1]],
 [137, [-34, -1, 1]],
 [140, [-35, 0, 1]],
 [141, [-35, -1, 1]],
 [145, [-36, -1, 1]],
 [149, [-37, -1, 1]],
 [152, [-38, 0, 1]],
 [156, [-39, 0, 1]],
 [157, [-39, -1, 1]],
 [161, [-40, -1, 1]],
 [165, [-41, -1, 1]],
 [168, [-42, 0, 1]],
 [172, [-43, 0, 1]],
 [173, [-43, -1, 1]],
 [177, [-44, -1, 1]],
 [181, [-45, -1, 1]],
 [184, [-46, 0, 1]],
 [185, [-46, -1, 1]],
 [188, [-47, 0, 1]],
 [193, [-48, -1, 1]],
 [197, [-49, -1, 1]],
 [201, [-50, -1, 1]],
 [204, [-51, 0, 1]],
 [205, [-51, -1, 1]],
 [209, [-52, -1, 1]],
 [213, [-53, -1, 1]],
 [217, [-54, -1, 1]],
 [220, [-55, 0, 1]],
 [221, [-55, -1, 1]],
 [229, [-57, -1, 1]],
 [232, [-58, 0, 1]],
 [233, [-58, -1, 1]],
 [236, [-59, 0, 1]],
 [237, [-59, -1, 1]],
 [241, [-60, -1, 1]],
 [248, [-62, 0, 1]],
 [249, [-62, -1, 1]],
 [253, [-63, -1, 1]],
 [257, [-64, -1, 1]],
 [264, [-66, 0, 1]],
 [265, [-66, -1, 1]],
 [268, [-67, 0, 1]],
 [269, [-67, -1, 1]],
 [273, [-68, -1, 1]],
 [277, [-69, -1, 1]],
 [280, [-70, 0, 1]],
 [281, [-70, -1, 1]],
 [284, [-71, 0, 1]],
 [285, [-71, -1, 1]],
 [293, [-73, -1, 1]],
 [296, [-74, 0, 1]],
 [301, [-75, -1, 1]],
 [305, [-76, -1, 1]],
 [309, [-77, -1, 1]],
 [312, [-78, 0, 1]],
 [313, [-78, -1, 1]],
 [316, [-79, 0, 1]],
 [317, [-79, -1, 1]],
 [321, [-80, -1, 1]],
 [328, [-82, 0, 1]],
 [329, [-82, -1, 1]],
 [332, [-83, 0, 1]],
 [337, [-84, -1, 1]],
 [341, [-85, -1, 1]],
 [344, [-86, 0, 1]],
 [345, [-86, -1, 1]],
 [348, [-87, 0, 1]],
 [349, [-87, -1, 1]],
 [353, [-88, -1, 1]],
 [357, [-89, -1, 1]],
 [364, [-91, 0, 1]],
 [365, [-91, -1, 1]],
 [373, [-93, -1, 1]],
 [376, [-94, 0, 1]],
 [377, [-94, -1, 1]],
 [380, [-95, 0, 1]],
 [381, [-95, -1, 1]],
 [385, [-96, -1, 1]],
 [389, [-97, -1, 1]],
 [393, [-98, -1, 1]],
 [397, [-99, -1, 1]],
 [401, [-100, -1, 1]],
 [408, [-102, 0, 1]],
 [409, [-102, -1, 1]],
 [412, [-103, 0, 1]],
 [413, [-103, -1, 1]],
 [417, [-104, -1, 1]],
 [421, [-105, -1, 1]],
 [424, [-106, 0, 1]],
 [428, [-107, 0, 1]],
 [429, [-107, -1, 1]],
 [433, [-108, -1, 1]],
 [437, [-109, -1, 1]],
 [440, [-110, 0, 1]],
 [444, [-111, 0, 1]],
 [445, [-111, -1, 1]],
 [449, [-112, -1, 1]],
 [453, [-113, -1, 1]],
 [456, [-114, 0, 1]],
 [457, [-114, -1, 1]],
 [460, [-115, 0, 1]],
 [461, [-115, -1, 1]],
 [465, [-116, -1, 1]],
 [469, [-117, -1, 1]],
 [472, [-118, 0, 1]],
 [473, [-118, -1, 1]],
 [476, [-119, 0, 1]],
 [481, [-120, -1, 1]],
 [485, [-121, -1, 1]],
 [488, [-122, 0, 1]],
 [489, [-122, -1, 1]],
 [492, [-123, 0, 1]],
 [493, [-123, -1, 1]],
 [497, [-124, -1, 1]],
 [501, [-125, -1, 1]],
 [505, [-126, -1, 1]],
 [508, [-127, 0, 1]],
 [509, [-127, -1, 1]],
 [517, [-129, -1, 1]],
 [520, [-130, 0, 1]],
 [521, [-130, -1, 1]],
 [524, [-131, 0, 1]],
 [533, [-133, -1, 1]],
 [536, [-134, 0, 1]],
 [537, [-134, -1, 1]],
 [541, [-135, -1, 1]],
 [545, [-136, -1, 1]],
 [552, [-138, 0, 1]],
 [553, [-138, -1, 1]],
 [556, [-139, 0, 1]],
 [557, [-139, -1, 1]],
 [561, [-140, -1, 1]],
 [565, [-141, -1, 1]],
 [568, [-142, 0, 1]],
 [569, [-142, -1, 1]],
 [572, [-143, 0, 1]],
 [573, [-143, -1, 1]],
 [577, [-144, -1, 1]],
 [581, [-145, -1, 1]],
 [584, [-146, 0, 1]],
 [589, [-147, -1, 1]],
 [593, [-148, -1, 1]],
 [597, [-149, -1, 1]],
 [601, [-150, -1, 1]],
 [604, [-151, 0, 1]],
 [609, [-152, -1, 1]],
 [613, [-153, -1, 1]],
 [616, [-154, 0, 1]],
 [617, [-154, -1, 1]],
 [620, [-155, 0, 1]],
 [629, [-157, -1, 1]],
 [632, [-158, 0, 1]],
 [633, [-158, -1, 1]],
 [636, [-159, 0, 1]],
 [641, [-160, -1, 1]],
 [645, [-161, -1, 1]],
 [649, [-162, -1, 1]],
 [652, [-163, 0, 1]],
 [653, [-163, -1, 1]],
 [661, [-165, -1, 1]],
 [664, [-166, 0, 1]],
 [665, [-166, -1, 1]],
 [668, [-167, 0, 1]],
 [669, [-167, -1, 1]],
 [673, [-168, -1, 1]],
 [677, [-169, -1, 1]],
 [680, [-170, 0, 1]],
 [681, [-170, -1, 1]],
 [685, [-171, -1, 1]],
 [689, [-172, -1, 1]],
 [696, [-174, 0, 1]],
 [697, [-174, -1, 1]],
 [701, [-175, -1, 1]],
 [705, [-176, -1, 1]],
 [709, [-177, -1, 1]],
 [712, [-178, 0, 1]],
 [713, [-178, -1, 1]],
 [716, [-179, 0, 1]],
 [717, [-179, -1, 1]],
 [721, [-180, -1, 1]],
 [728, [-182, 0, 1]],
 [732, [-183, 0, 1]],
 [733, [-183, -1, 1]],
 [737, [-184, -1, 1]],
 [741, [-185, -1, 1]],
 [744, [-186, 0, 1]],
 [745, [-186, -1, 1]],
 [748, [-187, 0, 1]],
 [749, [-187, -1, 1]],
 [753, [-188, -1, 1]],
 [757, [-189, -1, 1]],
 [760, [-190, 0, 1]],
 [761, [-190, -1, 1]],
 [764, [-191, 0, 1]],
 [769, [-192, -1, 1]],
 [773, [-193, -1, 1]],
 [776, [-194, 0, 1]],
 [777, [-194, -1, 1]],
 [780, [-195, 0, 1]],
 [781, [-195, -1, 1]],
 [785, [-196, -1, 1]],
 [789, [-197, -1, 1]],
 [793, [-198, -1, 1]],
 [796, [-199, 0, 1]],
 [797, [-199, -1, 1]],
 [805, [-201, -1, 1]],
 [808, [-202, 0, 1]],
 [809, [-202, -1, 1]],
 [812, [-203, 0, 1]],
 [813, [-203, -1, 1]],
 [817, [-204, -1, 1]],
 [821, [-205, -1, 1]],
 [824, [-206, 0, 1]],
 [829, [-207, -1, 1]],
 [840, [-210, 0, 1]],
 [844, [-211, 0, 1]],
 [849, [-212, -1, 1]],
 [853, [-213, -1, 1]],
 [856, [-214, 0, 1]],
 [857, [-214, -1, 1]],
 [860, [-215, 0, 1]],
 [861, [-215, -1, 1]],
 [865, [-216, -1, 1]],
 [869, [-217, -1, 1]],
 [872, [-218, 0, 1]],
 [876, [-219, 0, 1]],
 [877, [-219, -1, 1]],
 [881, [-220, -1, 1]],
 [885, [-221, -1, 1]],
 [888, [-222, 0, 1]],
 [889, [-222, -1, 1]],
 [892, [-223, 0, 1]],
 [893, [-223, -1, 1]],
 [897, [-224, -1, 1]]]
