[[725, [1, 1, -3, -1, 1]],
 [1125, [1, 4, -4, -1, 1]],
 [1600, [4, 0, -6, 0, 1]],
 [1957, [1, -1, -4, 0, 1]],
 [2000, [5, 0, -5, 0, 1]],
 [2048, [2, 0, -4, 0, 1]],
 [2225, [4, 2, -5, -1, 1]],
 [2304, [1, 0, -4, 0, 1]],
 [2525, [5, 5, -4, -2, 1]],
 [2624, [1, 2, -3, -2, 1]],
 [2777, [2, 1, -4, -1, 1]],
 [3600, [1, -8, -7, 2, 1]],
 [3981, [1, 2, -4, -1, 1]],
 [4205, [1, -1, -5, -1, 1]],
 [4225, [4, 0, -9, 0, 1]],
 [4352, [2, -4, -6, 0, 1]],
 [4400, [11, 0, -7, 0, 1]],
 [4525, [9, 3, -7, -1, 1]],
 [4752, [1, 4, -3, -2, 1]],
 [4913, [1, 1, -6, -1, 1]],
 [5125, [11, 7, -6, -2, 1]],
 [5225, [11, 1, -8, -1, 1]],
 [5725, [11, 6, -8, -1, 1]],
 [5744, [1, -2, -5, 0, 1]],
 [6125, [11, 9, -9, -1, 1]],
 [6224, [5, -2, -6, 0, 1]],
 [6809, [1, -1, -5, 0, 1]],
 [7053, [3, 3, -4, -2, 1]],
 [7056, [1, 0, -5, 0, 1]],
 [7168, [7, 0, -6, 0, 1]],
 [7225, [9, 0, -11, 0, 1]],
 [7232, [4, 4, -5, -2, 1]],
 [7488, [1, 2, -4, -2, 1]],
 [7537, [3, 4, -5, -1, 1]],
 [7600, [19, 0, -9, 0, 1]],
 [7625, [16, 4, -9, -1, 1]],
 [8000, [20, 0, -10, 0, 1]],
 [8069, [1, 5, -5, -1, 1]],
 [8112, [3, 0, -5, 0, 1]],
 [8468, [4, 3, -5, -1, 1]],
 [8525, [19, 9, -8, -2, 1]],
 [8725, [19, 2, -10, -1, 1]],
 [8768, [7, 6, -5, -2, 1]],
 [8789, [1, -2, -6, -1, 1]],
 [8957, [1, 1, -5, -1, 1]],
 [9225, [19, 7, -10, -1, 1]],
 [9248, [2, 0, -5, 0, 1]],
 [9301, [3, 1, -5, -1, 1]],
 [9792, [7, 2, -7, -2, 1]],
 [9909, [3, -3, -6, 0, 1]],
 [10025, [20, 10, -11, -1, 1]],
 [10273, [2, 1, -5, -2, 1]],
 [10304, [8, 8, -7, -2, 1]],
 [10309, [-1, 8, -6, -1, 1]],
 [10512, [1, -6, -7, 0, 1]],
 [10816, [-1, 10, -9, -2, 1]],
 [10889, [1, 2, -5, -1, 1]],
 [11025, [16, 0, -13, 0, 1]],
 [11197, [1, 3, -4, -2, 1]],
 [11324, [2, 4, -5, -1, 1]],
 [11344, [3, 4, -4, -2, 1]],
 [11348, [2, 1, -5, -1, 1]],
 [11525, [25, 5, -11, -1, 1]],
 [11661, [3, 5, -4, -2, 1]],
 [12197, [1, 3, -5, -1, 1]],
 [12357, [3, 3, -5, -1, 1]],
 [12400, [31, 0, -12, 0, 1]],
 [12544, [9, 0, -8, 0, 1]],
 [12725, [29, 11, -10, -2, 1]],
 [13025, [29, 3, -12, -1, 1]],
 [13068, [1, -1, -6, -1, 1]],
 [13448, [2, 0, -7, 0, 1]],
 [13525, [29, 8, -12, -1, 1]],
 [13625, [31, 12, -11, -2, 1]],
 [13676, [1, 7, -6, -1, 1]],
 [13725, [31, 1, -13, -1, 1]],
 [13768, [2, 2, -5, -1, 1]],
 [13824, [6, 0, -6, 0, 1]],
 [13888, [9, 6, -7, -2, 1]],
 [13968, [4, 8, -7, -2, 1]],
 [14013, [3, 6, -6, -1, 1]],
 [14197, [1, -3, -6, 0, 1]],
 [14272, [3, 2, -5, -2, 1]],
 [14336, [14, 0, -8, 0, 1]],
 [14400, [19, -14, -13, 2, 1]],
 [14656, [2, 4, -4, -2, 1]],
 [14725, [31, 11, -13, -1, 1]],
 [15125, [31, 14, -14, -1, 1]],
 [15188, [2, 1, -7, -1, 1]],
 [15317, [2, 5, -4, -2, 1]],
 [15529, [2, -1, -6, -1, 1]],
 [15952, [1, -2, -6, 0, 1]],
 [16225, [36, 6, -13, -1, 1]],
 [16317, [1, 5, -4, -2, 1]],
 [16357, [1, -1, -6, 0, 1]],
 [16400, [41, 0, -13, 0, 1]],
 [16448, [2, 0, -6, -2, 1]],
 [16448, [14, 8, -7, -2, 1]],
 [16609, [9, -1, -7, 0, 1]],
 [16997, [5, -1, -6, 0, 1]],
 [17069, [3, -4, -8, -1, 1]],
 [17417, [4, 3, -5, -2, 1]],
 [17424, [4, 0, -7, 0, 1]],
 [17428, [6, 4, -6, -1, 1]],
 [17600, [44, 0, -14, 0, 1]],
 [17609, [-1, 10, -7, -1, 1]],
 [17725, [41, 13, -12, -2, 1]],
 [17989, [1, -3, -7, -1, 1]],
 [18097, [4, 6, -7, -1, 1]],
 [18432, [18, 0, -12, 0, 1]],
 [18496, [2, 12, -11, -2, 1]],
 [18625, [41, 9, -14, -1, 1]],
 [18688, [14, -4, -10, 0, 1]],
 [18736, [5, 4, -5, -2, 1]],
 [19025, [44, 14, -13, -2, 1]],
 [19225, [44, 2, -15, -1, 1]],
 [19429, [5, -1, -7, -1, 1]],
 [19525, [45, 15, -14, -2, 1]],
 [19600, [29, -16, -15, 2, 1]],
 [19664, [2, 2, -5, -2, 1]],
 [19773, [3, -9, -11, -1, 1]],
 [19796, [8, 1, -7, -1, 1]],
 [19821, [3, 6, -8, -1, 1]],
 [20032, [17, 10, -9, -2, 1]],
 [20225, [44, 12, -15, -1, 1]],
 [20308, [12, 4, -8, -1, 1]],
 [20808, [-2, 10, -7, -1, 1]],
 [21025, [36, 0, -17, 0, 1]],
 [21056, [17, 2, -11, -2, 1]],
 [21200, [2, -2, -6, 0, 1]],
 [21208, [-3, 13, -8, -1, 1]],
 [21308, [1, 3, -8, -1, 1]],
 [21312, [6, 0, -8, -2, 1]],
 [21469, [1, 9, -7, -1, 1]],
 [21568, [18, 12, -11, -2, 1]],
 [21725, [49, 7, -15, -1, 1]],
 [21737, [4, 4, -9, -1, 1]],
 [21801, [4, 2, -7, -1, 1]],
 [21964, [8, 12, -11, -1, 1]],
 [22000, [55, 0, -15, 0, 1]],
 [22221, [3, 0, -6, -1, 1]],
 [22545, [4, 5, -6, -1, 1]],
 [22592, [16, 8, -9, -2, 1]],
 [22676, [2, 6, -6, -1, 1]],
 [22784, [17, -8, -12, 0, 1]],
 [22896, [3, -4, -9, 0, 1]],
 [23252, [2, 0, -6, -1, 1]],
 [23297, [1, 3, -5, -2, 1]],
 [23301, [1, 2, -6, -1, 1]],
 [23377, [7, 6, -7, -1, 1]],
 [23525, [55, 15, -14, -2, 1]],
 [23552, [23, 0, -10, 0, 1]],
 [23600, [59, 0, -16, 0, 1]],
 [23665, [3, 8, -7, -1, 1]],
 [23724, [10, 4, -7, -1, 1]],
 [24197, [2, -1, -6, 0, 1]],
 [24336, [-3, -12, -11, 2, 1]],
 [24400, [61, 0, -17, 0, 1]],
 [24417, [1, -2, -7, -1, 1]],
 [24437, [5, 7, -7, -1, 1]],
 [24525, [55, 10, -16, -1, 1]],
 [24749, [-1, 7, -7, -1, 1]],
 [24832, [18, -12, -14, 0, 1]],
 [24917, [3, 1, -6, -2, 1]],
 [25088, [2, 0, -6, 0, 1]],
 [25225, [59, 16, -15, -2, 1]],
 [25488, [6, -6, -9, 0, 1]],
 [25492, [8, -2, -8, 0, 1]],
 [25525, [59, 3, -17, -1, 1]],
 [25717, [1, 6, -6, -1, 1]],
 [25808, [9, -6, -10, 0, 1]],
 [25857, [3, 9, -8, -1, 1]],
 [25893, [3, -1, -6, 0, 1]],
 [25961, [-1, -7, -9, 0, 1]],
 [26032, [4, -4, -10, 0, 1]],
 [26125, [61, 17, -16, -2, 1]],
 [26176, [23, 10, -9, -2, 1]],
 [26224, [7, -2, -7, 0, 1]],
 [26225, [61, 1, -18, -1, 1]],
 [26525, [59, 13, -17, -1, 1]],
 [26541, [5, 4, -6, -1, 1]],
 [26569, [9, 2, -7, -1, 1]],
 [26825, [5, 5, -5, -2, 1]],
 [26873, [-2, 9, -8, -1, 1]],
 [27004, [1, 3, -6, -1, 1]],
 [27225, [49, 0, -19, 0, 1]],
 [27329, [4, 1, -6, -1, 1]],
 [27472, [11, -2, -8, 0, 1]],
 [27648, [3, 0, -6, 0, 1]],
 [27725, [61, 16, -18, -1, 1]],
 [27792, [9, 12, -11, -2, 1]],
 [28025, [64, 8, -17, -1, 1]],
 [28224, [4, 0, -10, 0, 1]],
 [28224, [7, 14, -13, -2, 1]],
 [28400, [71, 0, -17, 0, 1]],
 [28473, [2, 3, -5, -2, 1]],
 [28669, [5, 2, -6, -1, 1]],
 [28677, [-1, 12, -8, -1, 1]],
 [28749, [1, -1, -7, -1, 1]],
 [29237, [9, 7, -6, -2, 1]],
 [29248, [23, 6, -11, -2, 1]],
 [29268, [16, 5, -9, -1, 1]],
 [29813, [1, 4, -6, -1, 1]],
 [29952, [13, 0, -8, 0, 1]],
 [30056, [26, 0, -11, 0, 1]],
 [30056, [2, -6, -9, -1, 1]],
 [30125, [71, 17, -16, -2, 1]],
 [30273, [8, -1, -7, 0, 1]],
 [30400, [76, 0, -18, 0, 1]],
 [30512, [1, 4, -5, -2, 1]],
 [30544, [2, -2, -10, 0, 1]],
 [30725, [71, 6, -18, -1, 1]],
 [30776, [2, -2, -7, -1, 1]],
 [30972, [6, 0, -7, -1, 1]],
 [30976, [25, 0, -12, 0, 1]],
 [31225, [71, 11, -18, -1, 1]],
 [31288, [3, 1, -6, -1, 1]],
 [31532, [5, 3, -6, -1, 1]],
 [31600, [79, 0, -19, 0, 1]],
 [31744, [31, 0, -14, 0, 1]],
 [31808, [28, 12, -11, -2, 1]],
 [32081, [5, -3, -7, 0, 1]],
 [32225, [76, 18, -17, -2, 1]],
 [32368, [3, -4, -7, 0, 1]],
 [32448, [12, 0, -10, 0, 1]],
 [32625, [76, 4, -19, -1, 1]],
 [32737, [1, -1, -7, 0, 1]],
 [32821, [-1, 9, -7, -1, 1]],
 [32832, [1, 10, -9, -2, 1]],
 [33097, [2, 5, -6, -1, 1]],
 [33344, [25, 10, -11, -2, 1]],
 [33424, [1, -2, -7, 0, 1]],
 [33428, [4, 8, -8, -1, 1]],
 [33452, [-1, 7, -8, -1, 1]],
 [33489, [1, -3, -7, 0, 1]],
 [33525, [79, 19, -18, -2, 1]],
 [33625, [76, 14, -19, -1, 1]],
 [33709, [15, 7, -9, -1, 1]],
 [33725, [79, 2, -20, -1, 1]],
 [33813, [16, 13, -13, -1, 1]],
 [33844, [2, 2, -6, -1, 1]],
 [34025, [80, 20, -19, -2, 1]],
 [34196, [4, -2, -8, 0, 1]],
 [34225, [64, 0, -21, 0, 1]],
 [34704, [13, 8, -7, -2, 1]],
 [34816, [34, 0, -12, 0, 1]],
 [34868, [1, 4, -8, -2, 1]],
 [35013, [3, -2, -10, -1, 1]],
 [35125, [81, 9, -19, -1, 1]],
 [35136, [9, 6, -8, -2, 1]],
 [35152, [13, 0, -13, 0, 1]],
 [35225, [79, 17, -20, -1, 1]],
 [35312, [3, 4, -5, -2, 1]],
 [35392, [31, 14, -13, -2, 1]],
 [35401, [3, 1, -8, -1, 1]],
 [35537, [4, 5, -5, -2, 1]],
 [35537, [16, 5, -9, -2, 1]],
 [35537, [4, -3, -8, -1, 1]],
 [35856, [13, 10, -9, -2, 1]],
 [36025, [80, 20, -21, -1, 1]],
 [36416, [31, 2, -15, -2, 1]],
 [36517, [-1, 7, -6, -2, 1]],
 [36677, [1, -7, -8, 0, 1]],
 [36761, [2, 3, -6, -1, 1]],
 [36928, [32, 16, -15, -2, 1]],
 [37108, [8, 5, -7, -1, 1]],
 [37229, [3, 2, -6, -1, 1]],
 [37349, [3, 17, -11, -1, 1]],
 [37485, [1, 1, -7, -1, 1]],
 [37485, [-3, 12, -8, -1, 1]],
 [37489, [4, 3, -6, -1, 1]],
 [37525, [89, 19, -18, -2, 1]],
 [37773, [-1, 7, -9, -1, 1]],
 [37885, [3, 4, -6, -1, 1]],
 [37952, [34, 12, -11, -2, 1]],
 [38000, [95, 0, -20, 0, 1]],
 [38225, [89, 7, -20, -1, 1]],
 [38720, [1, -2, -8, -2, 1]],
 [38725, [89, 12, -20, -1, 1]],
 [38864, [25, -2, -11, 0, 1]],
 [39377, [12, 10, -9, -2, 1]],
 [39528, [12, -2, -9, 0, 1]],
 [39600, [99, 0, -21, 0, 1]],
 [39605, [-2, 9, -8, -2, 1]],
 [39744, [13, -2, -12, -2, 1]],
 [39800, [13, 5, -8, -1, 1]],
 [40025, [95, 20, -19, -2, 1]],
 [40053, [9, 3, -9, -1, 1]],
 [40293, [1, 1, -10, -1, 1]],
 [40396, [2, 8, -7, -1, 1]],
 [40437, [7, 1, -7, -1, 1]],
 [40525, [95, 5, -21, -1, 1]],
 [40581, [5, 7, -9, -1, 1]],
 [40709, [16, 7, -8, -2, 1]],
 [40765, [7, -3, -9, -1, 1]],
 [40864, [6, -2, -7, 0, 1]],
 [41216, [34, -4, -14, 0, 1]],
 [41525, [95, 15, -21, -1, 1]],
 [41616, [-2, -14, -13, 2, 1]],
 [41684, [-2, 12, -8, -1, 1]],
 [41725, [99, 21, -20, -2, 1]],
 [42025, [81, 0, -23, 0, 1]],
 [42048, [34, 8, -13, -2, 1]],
 [42048, [3, 6, -5, -2, 1]],
 [42104, [4, 8, -9, -2, 1]],
 [42305, [2, 5, -5, -2, 1]],
 [42325, [3, 10, -8, -1, 1]],
 [42341, [5, 3, -6, -2, 1]],
 [42565, [1, 3, -6, -2, 1]],
 [42625, [101, 22, -21, -2, 1]],
 [42656, [4, -4, -11, 0, 1]],
 [42725, [101, 1, -23, -1, 1]],
 [42832, [9, 4, -7, -2, 1]],
 [42848, [2, -2, -9, 0, 1]],
 [43025, [100, 10, -21, -1, 1]],
 [43061, [25, 5, -14, -1, 1]],
 [43376, [-1, -8, -9, 0, 1]],
 [43433, [1, 25, -14, -1, 1]],
 [43449, [1, 2, -7, -1, 1]],
 [43525, [99, 18, -22, -1, 1]],
 [43569, [4, -3, -7, 0, 1]],
 [43600, [109, 0, -21, 0, 1]],
 [43820, [4, -2, -11, 0, 1]],
 [43928, [4, 2, -8, -1, 1]],
 [44109, [13, 13, -12, -2, 1]],
 [44112, [3, -6, -8, 0, 1]],
 [44496, [2, 2, -6, -2, 1]],
 [44504, [1, -3, -8, -1, 1]],
 [44608, [3, 2, -6, -2, 1]],
 [44648, [14, 3, -9, -1, 1]],
 [44688, [4, 4, -10, -2, 1]],
 [44688, [2, 6, -5, -2, 1]],
 [44725, [101, 21, -23, -1, 1]],
 [44752, [-2, -10, -10, 0, 1]],
 [44869, [3, -1, -7, -1, 1]],
 [45072, [13, -6, -11, 0, 1]],
 [45125, [101, 24, -24, -1, 1]],
 [45177, [-1, 12, -11, -2, 1]],
 [45205, [5, -5, -8, 0, 1]],
 [45373, [8, 7, -6, -2, 1]],
 [45632, [41, 14, -13, -2, 1]],
 [45725, [109, 21, -20, -2, 1]],
 [45729, [-3, 12, -11, -1, 1]],
 [45809, [2, -3, -7, 0, 1]],
 [45841, [-1, 7, -7, -2, 1]],
 [45868, [1, 11, -10, -1, 1]],
 [45968, [17, 0, -9, 0, 1]],
 [46144, [36, 12, -13, -2, 1]],
 [46193, [7, 5, -8, -1, 1]],
 [46224, [16, 16, -15, -2, 1]],
 [46305, [4, 10, -9, -2, 1]],
 [46400, [116, 0, -22, 0, 1]],
 [46525, [109, 8, -22, -1, 1]],
 [46688, [-2, -10, -11, 0, 1]],
 [46813, [9, 10, -10, -1, 1]],
 [46912, [2, 0, -7, -2, 1]],
 [46952, [4, 6, -8, -1, 1]],
 [47025, [109, 13, -22, -1, 1]],
 [47032, [3, -7, -10, -1, 1]],
 [47104, [46, 0, -16, 0, 1]],
 [47353, [13, -3, -9, 0, 1]],
 [47636, [20, 4, -10, -1, 1]],
 [47753, [4, -2, -9, -1, 1]],
 [47977, [5, -4, -11, 0, 1]],
 [48069, [1, -8, -10, -1, 1]],
 [48128, [47, 0, -14, 0, 1]],
 [48173, [13, 5, -8, -2, 1]],
 [48373, [5, 9, -8, -2, 1]],
 [48389, [10, 3, -8, -2, 1]],
 [48396, [6, 6, -7, -2, 1]],
 [48400, [89, -24, -23, 2, 1]],
 [48461, [17, 3, -9, -1, 1]],
 [48528, [13, -12, -13, 0, 1]],
 [48625, [116, 22, -21, -2, 1]],
 [48657, [1, 8, -7, -1, 1]],
 [48704, [41, 6, -15, -2, 1]],
 [48704, [6, 4, -6, -2, 1]],
 [48841, [1, 0, -15, 0, 1]],
 [48937, [1, -9, -9, 0, 1]],
 [49133, [5, -1, -12, 0, 1]],
 [49225, [116, 6, -23, -1, 1]],
 [49292, [7, -1, -8, -1, 1]],
 [49392, [7, 0, -7, 0, 1]],
 [49408, [41, -8, -16, 0, 1]],
 [49600, [124, 0, -24, 0, 1]],
 [49708, [2, 11, -9, -1, 1]],
 [49757, [1, -2, -8, -1, 1]],
 [50225, [116, 16, -23, -1, 1]],
 [50432, [-1, -12, -10, 0, 1]],
 [50437, [1, 3, -7, -1, 1]],
 [50688, [22, 0, -10, 0, 1]],
 [50688, [22, 0, -14, 0, 1]],
 [50693, [7, 5, -6, -2, 1]],
 [50725, [121, 23, -22, -2, 1]],
 [50737, [-1, 14, -9, -1, 1]],
 [50908, [4, 6, -7, -2, 1]],
 [51005, [5, 0, -11, 0, 1]],
 [51125, [121, 4, -24, -1, 1]],
 [51153, [-3, -15, -11, 0, 1]],
 [51181, [-1, 7, -8, -2, 1]],
 [51200, [50, 0, -20, 0, 1]],
 [51264, [46, 16, -15, -2, 1]],
 [51725, [121, 11, -23, -1, 1]],
 [51776, [47, 14, -13, -2, 1]],
 [51984, [16, 0, -11, 0, 1]],
 [52025, [124, 24, -23, -2, 1]],
 [52052, [-4, 15, -9, -1, 1]],
 [52176, [5, -2, -7, 0, 1]],
 [52221, [17, 9, -8, -2, 1]],
 [52225, [124, 2, -25, -1, 1]],
 [52396, [2, 0, -7, -1, 1]],
 [52400, [131, 0, -23, 0, 1]],
 [52525, [125, 25, -24, -2, 1]],
 [52592, [11, -4, -9, 0, 1]],
 [52625, [121, 19, -24, -1, 1]],
 [52816, [-5, -18, -12, 0, 1]],
 [53121, [2, -1, -7, 0, 1]],
 [53312, [46, 4, -17, -2, 1]],
 [53333, [7, 8, -8, -1, 1]],
 [53361, [-17, 37, -16, -1, 1]],
 [53401, [5, -4, -9, -1, 1]],
 [53568, [11, 2, -9, -2, 1]],
 [53589, [9, -6, -12, -1, 1]],
 [53824, [23, 18, -17, -2, 1]],
 [53840, [10, -2, -8, 0, 1]],
 [54225, [124, 22, -25, -1, 1]],
 [54249, [13, -13, -16, -1, 1]],
 [54332, [-8, 31, -15, -1, 1]],
 [54381, [7, 5, -7, -1, 1]],
 [54725, [131, 23, -22, -2, 1]],
 [54764, [2, 3, -9, -1, 1]],
 [54848, [49, 18, -17, -2, 1]],
 [54864, [1, 4, -6, -2, 1]],
 [55025, [125, 25, -26, -1, 1]],
 [55297, [6, -1, -7, 0, 1]],
 [55377, [19, 7, -9, -2, 1]],
 [55409, [-2, 11, -8, -1, 1]],
 [55552, [46, -12, -18, 0, 1]],
 [55585, [16, 9, -10, -1, 1]],
 [55600, [139, 0, -24, 0, 1]],
 [55661, [15, 4, -10, -1, 1]],
 [55665, [10, 5, -7, -2, 1]],
 [55728, [3, -8, -9, 0, 1]],
 [55872, [49, 2, -19, -2, 1]],
 [55872, [1, 2, -7, -2, 1]],
 [56025, [9, -5, -9, 0, 1]],
 [56125, [131, 14, -24, -1, 1]],
 [56137, [16, -1, -9, 0, 1]],
 [56144, [2, -6, -8, 0, 1]],
 [56333, [13, 4, -8, -1, 1]],
 [56384, [50, 20, -19, -2, 1]],
 [56592, [22, 10, -9, -2, 1]],
 [56677, [-1, 8, -8, -1, 1]],
 [56749, [3, -5, -9, -1, 1]],
 [56777, [-1, -8, -11, -1, 1]],
 [56896, [47, 10, -15, -2, 1]],
 [57077, [5, -2, -8, -1, 1]],
 [57600, [49, 0, -16, 0, 1]],
 [57600, [25, 0, -20, 0, 1]],
 [57600, [1, 0, -8, 0, 1]],
 [57609, [1, 4, -7, -1, 1]],
 [57909, [3, 7, -7, -1, 1]],
 [58000, [145, 0, -25, 0, 1]],
 [58025, [139, 24, -23, -2, 1]],
 [58049, [4, 10, -9, -1, 1]],
 [58217, [5, -7, -9, 0, 1]],
 [58397, [2, 3, -6, -2, 1]],
 [58469, [1, -1, -8, 0, 1]],
 [58672, [3, -2, -7, 0, 1]],
 [58896, [22, 14, -13, -2, 1]],
 [59457, [4, 1, -7, -2, 1]],
 [59468, [16, 11, -11, -1, 1]],
 [59600, [149, 0, -26, 0, 1]],
 [59648, [49, -16, -20, 0, 1]],
 [59725, [139, 17, -25, -1, 1]],
 [59749, [11, -1, -8, 0, 1]],
 [60112, [52, 0, -15, 0, 1]],
 [60169, [5, 6, -7, -1, 1]],
 [60400, [151, 0, -27, 0, 1]],
 [60513, [3, 0, -7, -1, 1]],
 [60525, [145, 25, -24, -2, 1]],
 [60992, [49, 14, -15, -2, 1]],
 [60993, [12, 6, -9, -1, 1]],
 [61004, [4, 8, -11, -1, 1]],
 [61025, [145, 5, -26, -1, 1]],
 [61225, [144, 12, -25, -1, 1]],
 [61496, [8, 0, -9, -1, 1]],
 [61504, [11, 6, -7, -2, 1]],
 [61696, [50, -20, -22, 0, 1]],
 [61893, [13, 0, -11, 0, 1]],
 [61909, [1, -11, -10, 0, 1]],
 [62000, [155, 0, -25, 0, 1]],
 [62109, [1, 7, -7, -1, 1]],
 [62168, [-4, 16, -11, -1, 1]],
 [62181, [7, 7, -6, -2, 1]],
 [62192, [23, 0, -12, 0, 1]],
 [62225, [149, 26, -25, -2, 1]],
 [62341, [3, -2, -14, -1, 1]],
 [62352, [24, 12, -11, -2, 1]],
 [62473, [1, -3, -9, -2, 1]],
 [62525, [145, 20, -26, -1, 1]],
 [62525, [149, 3, -27, -1, 1]],
 [62613, [3, 3, -6, -2, 1]],
 [62784, [22, -4, -16, -2, 1]],
 [63040, [7, 6, -6, -2, 1]],
 [63225, [151, 1, -28, -1, 1]],
 [63488, [62, 0, -16, 0, 1]],
 [63713, [16, 4, -11, -1, 1]],
 [63792, [4, 8, -10, -2, 1]],
 [63796, [16, -2, -10, 0, 1]],
 [63948, [12, 0, -11, 0, 1]],
 [64033, [3, -1, -7, 0, 1]],
 [64268, [32, 6, -12, -1, 1]],
 [64348, [-1, 11, -8, -1, 1]],
 [64373, [8, -3, -8, 0, 1]],
 [64389, [17, -2, -12, -1, 1]],
 [64436, [2, 7, -7, -1, 1]],
 [64512, [63, 0, -18, 0, 1]],
 [64525, [155, 25, -24, -2, 1]],
 [64525, [149, 23, -27, -1, 1]],
 [65024, [1, -4, -8, 0, 1]],
 [65057, [12, 5, -8, -1, 1]],
 [65104, [4, -4, -12, 0, 1]],
 [65224, [4, -2, -9, 0, 1]],
 [65232, [18, -6, -12, 0, 1]],
 [65233, [4, 5, -10, -1, 1]],
 [65309, [1, 13, -9, -1, 1]],
 [65488, [5, 4, -6, -2, 1]],
 [65525, [155, 10, -26, -1, 1]],
 [65600, [56, 8, -17, -2, 1]],
 [65600, [164, 0, -26, 0, 1]],
 [65712, [3, 0, -7, 0, 1]],
 [65725, [151, 26, -28, -1, 1]],
 [65808, [16, -24, -19, 0, 1]],
 [65856, [21, 0, -14, 0, 1]],
 [65905, [2, 1, -7, -2, 1]],
 [66025, [155, 15, -26, -1, 1]],
 [66081, [1, 5, -10, -1, 1]],
 [66125, [151, 29, -29, -1, 1]],
 [66228, [-6, 18, -10, -1, 1]],
 [66344, [-2, 10, -9, -1, 1]],
 [66417, [12, 18, -13, -1, 1]],
 [66536, [10, 7, -9, -1, 1]],
 [66544, [7, -8, -12, 0, 1]],
 [66581, [4, -5, -8, 0, 1]],
 [66736, [-1, -14, -11, 0, 1]],
 [67009, [4, -1, -7, 0, 1]],
 [67037, [1, -5, -9, -1, 1]],
 [67348, [24, 10, -10, -2, 1]],
 [67648, [62, 16, -15, -2, 1]],
 [67741, [5, -3, -11, -1, 1]],
 [68117, [1, 5, -6, -2, 1]],
 [68204, [8, -5, -11, -1, 1]],
 [68225, [164, 26, -25, -2, 1]],
 [68296, [2, 2, -7, -1, 1]],
 [68400, [171, 0, -27, 0, 1]],
 [68557, [6, 5, -6, -2, 1]],
 [68864, [6, -4, -8, 0, 1]],
 [68921, [-4, -18, -15, -1, 1]],
 [69025, [164, 8, -27, -1, 1]],
 [69184, [63, 18, -17, -2, 1]],
 [69264, [22, -6, -13, 0, 1]],
 [69264, [25, 20, -19, -2, 1]],
 [69272, [8, -2, -9, 0, 1]],
 [69633, [4, 7, -9, -2, 1]],
 [69696, [16, 0, -14, 0, 1]],
 [69696, [34, 20, -19, -2, 1]],
 [69749, [5, 1, -7, -1, 1]],
 [69777, [7, 4, -7, -1, 1]],
 [69805, [3, -1, -8, -2, 1]],
 [70025, [164, 18, -27, -1, 1]],
 [70164, [-2, 10, -10, -1, 1]],
 [70225, [144, 0, -29, 0, 1]],
 [70292, [2, 10, -8, -1, 1]],
 [70313, [24, 11, -12, -1, 1]],
 [70344, [4, -12, -13, 0, 1]],
 [70473, [23, 12, -11, -2, 1]],
 [70729, [3, 1, -7, -2, 1]],
 [70789, [11, 2, -8, -1, 1]],
 [71125, [171, 27, -26, -2, 1]],
 [71164, [12, 4, -9, -1, 1]],
 [71293, [12, 1, -10, -2, 1]],
 [71425, [1, 3, -7, -2, 1]],
 [71525, [169, 13, -27, -1, 1]],
 [71540, [8, -6, -10, 0, 1]],
 [71600, [179, 0, -29, 0, 1]],
 [71696, [26, -6, -13, 0, 1]],
 [71701, [7, 3, -7, -1, 1]],
 [71725, [171, 6, -28, -1, 1]],
 [71789, [16, 12, -14, -1, 1]],
 [71861, [2, -1, -8, -2, 1]],
 [71936, [62, -4, -18, 0, 1]],
 [72000, [180, 0, -30, 0, 1]],
 [72093, [-3, 12, -10, -1, 1]],
 [72116, [4, 1, -9, -1, 1]],
 [72153, [12, 3, -8, -1, 1]],
 [72256, [63, 6, -19, -2, 1]],
 [72256, [2, 4, -6, -2, 1]],
 [72329, [15, 2, -9, -1, 1]],
 [72549, [-3, -17, -12, 0, 1]],
 [72704, [71, 0, -22, 0, 1]],
 [72861, [3, 1, -7, -1, 1]],
 [73108, [4, 9, -9, -1, 1]],
 [73148, [2, 16, -13, -1, 1]],
 [73177, [17, 11, -12, -1, 1]],
 [73225, [176, 28, -27, -2, 1]],
 [73225, [171, 21, -28, -1, 1]],
 [73625, [176, 4, -29, -1, 1]],
 [73792, [62, 12, -17, -2, 1]],
 [73949, [1, 2, -8, -1, 1]],
 [73968, [11, 8, -9, -2, 1]],
 [74064, [14, 6, -8, -2, 1]],
 [74253, [7, 8, -10, -1, 1]],
 [74304, [1, -14, -15, -2, 1]],
 [74525, [179, 29, -28, -2, 1]],
 [74529, [4, 0, -17, 0, 1]],
 [74708, [2, -2, -8, -1, 1]],
 [74713, [13, 9, -10, -1, 1]],
 [74725, [179, 2, -30, -1, 1]],
 [74816, [68, 20, -19, -2, 1]],
 [74836, [2, 3, -7, -1, 1]],
 [74849, [2, -3, -9, -2, 1]],
 [75021, [3, 3, -11, -1, 1]],
 [75025, [180, 30, -29, -2, 1]],
 [75125, [181, 27, -26, -2, 1]],
 [75289, [6, -1, -9, -2, 1]],
 [75304, [6, 2, -7, -1, 1]],
 [75348, [4, 1, -7, -1, 1]],
 [75645, [-8, 22, -13, -1, 1]],
 [75653, [5, -9, -10, 0, 1]],
 [75669, [-1, -9, -11, -1, 1]],
 [75984, [9, -6, -11, 0, 1]],
 [76032, [33, 0, -12, 0, 1]],
 [76176, [25, 0, -13, 0, 1]],
 [76225, [181, 11, -28, -1, 1]],
 [76248, [-2, 14, -9, -1, 1]],
 [76400, [191, 0, -28, 0, 1]],
 [76725, [181, 16, -28, -1, 1]],
 [76729, [12, 4, -11, -1, 1]],
 [76792, [2, 6, -7, -1, 1]],
 [76864, [68, 4, -21, -2, 1]],
 [76897, [3, -10, -13, 0, 1]],
 [77069, [-1, 10, -8, -1, 1]],
 [77145, [4, -3, -11, 0, 1]],
 [77200, [5, 10, -10, -2, 1]],
 [77225, [179, 27, -30, -1, 1]],
 [77328, [24, -12, -15, 0, 1]],
 [77452, [9, 3, -10, -1, 1]],
 [77717, [3, -5, -8, 0, 1]],
 [77733, [31, 5, -12, -1, 1]],
 [77888, [64, 16, -17, -2, 1]],
 [77976, [1, -1, -12, -1, 1]],
 [78025, [180, 30, -31, -1, 1]],
 [78057, [4, 2, -9, -1, 1]],
 [78097, [-1, 8, -9, -1, 1]],
 [78268, [24, 4, -11, -1, 1]],
 [78272, [5, 2, -7, -2, 1]],
 [78292, [18, 8, -10, -1, 1]],
 [78392, [18, -4, -11, 0, 1]],
 [78400, [155, -30, -29, 2, 1]],
 [78416, [29, 0, -18, 0, 1]],
 [78441, [3, 6, -7, -1, 1]],
 [78705, [1, -4, -9, -1, 1]],
 [79056, [6, 6, -6, -2, 1]],
 [79225, [191, 28, -27, -2, 1]],
 [79264, [2, 4, -9, -2, 1]],
 [79424, [73, 18, -17, -2, 1]],
 [79424, [71, 2, -23, -2, 1]],
 [79473, [4, -4, -13, -1, 1]],
 [79532, [2, 4, -7, -1, 1]],
 [79600, [199, 0, -29, 0, 1]],
 [79693, [3, 8, -11, -2, 1]],
 [79936, [72, 24, -23, -2, 1]],
 [79937, [1, -13, -11, 0, 1]],
 [80125, [191, 9, -29, -1, 1]],
 [80448, [7, -2, -10, -2, 1]],
 [80561, [4, 9, -8, -1, 1]],
 [80653, [17, 5, -9, -1, 1]],
 [80672, [2, -8, -9, 0, 1]],
 [80681, [-3, 14, -9, -1, 1]],
 [80688, [7, -6, -11, 0, 1]],
 [80896, [7, -8, -10, 0, 1]],
 [80896, [79, 0, -18, 0, 1]],
 [81125, [191, 19, -29, -1, 1]],
 [81209, [13, 18, -17, -2, 1]],
 [81216, [25, 10, -12, -2, 1]],
 [81225, [169, 0, -31, 0, 1]],
 [81232, [17, 4, -10, -2, 1]],
 [81232, [11, 4, -8, -2, 1]],
 [81297, [3, 12, -9, -1, 1]],
 [81416, [38, 7, -13, -1, 1]],
 [81520, [-1, -8, -11, 0, 1]],
 [81565, [5, 5, -7, -1, 1]],
 [81684, [7, -6, -10, 0, 1]],
 [81908, [10, 6, -8, -1, 1]],
 [82128, [3, -10, -12, 0, 1]],
 [82485, [5, 5, -6, -2, 1]],
 [82525, [199, 29, -28, -2, 1]],
 [82625, [196, 14, -29, -1, 1]],
 [82661, [10, -1, -8, 0, 1]],
 [82673, [-2, 11, -14, -1, 1]],
 [82728, [4, 8, -9, -1, 1]],
 [83088, [33, 12, -11, -2, 1]],
 [83221, [3, -2, -8, -1, 1]],
 [83225, [199, 7, -30, -1, 1]],
 [83317, [27, 15, -14, -2, 1]],
 [83317, [23, -7, -15, -1, 1]],
 [83476, [1, -2, -12, 0, 1]],
 [83513, [4, -6, -11, -1, 1]],
 [83520, [19, -12, -16, 0, 1]],
 [83520, [3, -6, -11, -2, 1]],
 [83600, [209, 0, -29, 0, 1]],
 [83892, [6, 3, -7, -1, 1]],
 [83968, [82, 0, -20, 0, 1]],
 [84224, [73, -8, -20, 0, 1]],
 [84321, [17, 4, -9, -1, 1]],
 [84400, [211, 0, -32, 0, 1]],
 [84541, [1, -3, -9, -1, 1]],
 [84544, [73, 10, -19, -2, 1]],
 [84677, [16, 9, -8, -2, 1]],
 [84701, [11, 6, -12, -1, 1]],
 [84725, [199, 22, -30, -1, 1]],
 [85025, [205, 30, -29, -2, 1]],
 [85113, [1, 13, -10, -1, 1]],
 [85248, [37, 0, -16, 0, 1]],
 [85313, [-2, -11, -14, -1, 1]],
 [85525, [205, 5, -31, -1, 1]],
 [85568, [79, 18, -17, -2, 1]],
 [85688, [8, -2, -10, -1, 1]],
 [85948, [3, -1, -10, -1, 1]],
 [85957, [9, -7, -10, 0, 1]],
 [86105, [20, 7, -10, -1, 1]],
 [86161, [22, -13, -15, 0, 1]],
 [86216, [29, 9, -12, -1, 1]],
 [86321, [7, 4, -11, -2, 1]],
 [86429, [1, 10, -8, -1, 1]],
 [86440, [28, -2, -15, 0, 1]],
 [86525, [209, 29, -28, -2, 1]],
 [86544, [33, 18, -17, -2, 1]],
 [86676, [8, 6, -8, -2, 1]],
 [86725, [209, 31, -30, -2, 1]],
 [86996, [-8, 21, -11, -1, 1]],
 [87013, [8, 2, -9, -1, 1]],
 [87092, [6, 8, -8, -1, 1]],
 [87149, [15, 7, -8, -2, 1]],
 [87289, [11, 4, -11, -2, 1]],
 [87525, [205, 25, -31, -1, 1]],
 [87616, [47, 22, -21, -2, 1]],
 [87625, [211, 32, -31, -2, 1]],
 [87693, [27, 6, -12, -1, 1]],
 [87781, [-3, 13, -9, -1, 1]],
 [87809, [1, -2, -9, -1, 1]],
 [87952, [1, -8, -9, 0, 1]],
 [88000, [220, 0, -30, 0, 1]],
 [88057, [2, -1, -8, -1, 1]],
 [88225, [209, 17, -30, -1, 1]],
 [88289, [8, 7, -8, -1, 1]],
 [88308, [4, -6, -10, 0, 1]],
 [88337, [12, 10, -13, -1, 1]],
 [88404, [4, 5, -7, -1, 1]],
 [88576, [5, -4, -8, 0, 1]],
 [88592, [-3, -14, -11, 0, 1]],
 [88693, [3, 5, -7, -1, 1]],
 [88821, [7, -3, -8, 0, 1]],
 [88845, [3, 3, -7, -1, 1]],
 [88949, [-2, -11, -14, 0, 1]],
 [88980, [12, 0, -10, -1, 1]],
 [89152, [82, 20, -19, -2, 1]],
 [89289, [15, -1, -9, 0, 1]],
 [89344, [2, -4, -8, 0, 1]],
 [89396, [4, 6, -8, -2, 1]],
 [89525, [209, 28, -32, -1, 1]],
 [89877, [-1, -11, -10, 0, 1]],
 [90001, [4, 6, -9, -1, 1]],
 [90004, [16, 3, -9, -1, 1]],
 [90064, [5, -2, -13, -2, 1]],
 [90192, [1, 4, -7, -2, 1]],
 [90257, [7, -9, -14, -1, 1]],
 [90405, [9, 15, -14, -2, 1]],
 [90405, [-5, 25, -13, -1, 1]],
 [90432, [33, -6, -20, -2, 1]],
 [90437, [-1, -9, -10, 0, 1]],
 [90568, [9, 1, -8, -1, 1]],
 [90725, [211, 31, -33, -1, 1]],
 [90753, [29, 18, -17, -2, 1]],
 [90941, [4, 5, -6, -2, 1]],
 [90944, [1, 2, -8, -2, 1]],
 [90972, [4, -2, -10, -1, 1]],
 [90972, [-14, 28, -13, -1, 1]],
 [90996, [2, -3, -11, -1, 1]],
 [91025, [220, 30, -29, -2, 1]],
 [91325, [5, 7, -13, -1, 1]],
 [91344, [-2, 10, -10, -2, 1]],
 [91409, [5, 4, -7, -1, 1]],
 [91669, [5, 7, -6, -2, 1]],
 [91781, [5, 9, -15, -1, 1]],
 [91837, [5, 3, -7, -1, 1]],
 [91856, [9, -12, -13, 0, 1]],
 [92021, [17, -3, -10, 0, 1]],
 [92025, [220, 10, -31, -1, 1]],
 [92160, [40, 0, -16, 0, 1]],
 [92160, [10, 0, -8, 0, 1]],
 [92389, [3, 5, -6, -2, 1]],
 [92416, [81, 0, -20, 0, 1]],
 [92628, [-2, -11, -13, -1, 1]],
 [92692, [9, 8, -8, -2, 1]],
 [92721, [3, 12, -11, -1, 1]],
 [92736, [79, 14, -19, -2, 1]],
 [92784, [3, -12, -11, 0, 1]],
 [93025, [196, 0, -33, 0, 1]],
 [93077, [8, 6, -9, -1, 1]],
 [93117, [3, -1, -12, 0, 1]],
 [93136, [34, -2, -13, 0, 1]],
 [93177, [12, -3, -9, 0, 1]],
 [93248, [82, 8, -21, -2, 1]],
 [93456, [37, 14, -13, -2, 1]],
 [93456, [25, -30, -23, 0, 1]],
 [94192, [7, 0, -12, 0, 1]],
 [94253, [13, 1, -9, -1, 1]],
 [94357, [13, -5, -10, 0, 1]],
 [94400, [236, 0, -32, 0, 1]],
 [94441, [4, -7, -9, 0, 1]],
 [94464, [82, -12, -22, 0, 1]],
 [94504, [4, -4, -13, 0, 1]],
 [94525, [225, 15, -31, -1, 1]],
 [94688, [-2, -14, -11, 0, 1]],
 [94725, [229, 31, -30, -2, 1]],
 [94864, [1, 0, -9, 0, 1]],
 [95121, [27, -11, -15, 0, 1]],
 [95296, [3, 14, -14, -2, 1]],
 [95317, [7, -10, -13, 0, 1]],
 [95488, [15, -4, -10, 0, 1]],
 [95525, [229, 8, -32, -1, 1]],
 [95600, [239, 0, -31, 0, 1]],
 [95649, [7, 2, -13, -1, 1]],
 [95769, [7, 17, -12, -1, 1]],
 [95832, [22, 0, -11, 0, 1]],
 [95861, [2, -3, -8, 0, 1]],
 [95948, [83, 0, -20, 0, 1]],
 [95992, [4, -18, -15, 0, 1]],
 [96080, [2, 6, -6, -2, 1]],
 [96133, [-1, 8, -10, -1, 1]],
 [96161, [27, -1, -14, -1, 1]],
 [96256, [94, 0, -24, 0, 1]],
 [96336, [30, -2, -12, 0, 1]],
 [96400, [241, 0, -33, 0, 1]],
 [96457, [1, -1, -9, 0, 1]],
 [96469, [17, 3, -11, -1, 1]],
 [96489, [34, -3, -13, 0, 1]],
 [96576, [2, 0, -8, -2, 1]],
 [96825, [6, 3, -7, -2, 1]],
 [96832, [81, 18, -19, -2, 1]],
 [96832, [89, 22, -21, -2, 1]],
 [96837, [27, -12, -18, -1, 1]],
 [96852, [3, -18, -14, 0, 1]],
 [96912, [36, 24, -23, -2, 1]],
 [97025, [229, 23, -32, -1, 1]],
 [97300, [4, 12, -10, -1, 1]],
 [97344, [3, -18, -17, 2, 1]],
 [97345, [17, 5, -10, -1, 1]],
 [97472, [11, -4, -12, 0, 1]],
 [97473, [8, -3, -11, -2, 1]],
 [97488, [1, -6, -14, 0, 1]],
 [97600, [244, 0, -34, 0, 1]],
 [97625, [236, 32, -31, -2, 1]],
 [97637, [-1, 16, -10, -1, 1]],
 [97713, [9, -7, -15, 0, 1]],
 [97728, [3, 2, -7, -2, 1]],
 [97752, [7, 11, -10, -1, 1]],
 [97861, [5, 11, -9, -1, 1]],
 [97876, [8, 5, -9, -1, 1]],
 [97997, [25, 3, -11, -1, 1]],
 [98064, [33, -6, -15, 0, 1]],
 [98117, [1, 4, -8, -1, 1]],
 [98172, [8, 4, -9, -1, 1]],
 [98192, [4, -4, -14, -2, 1]],
 [98225, [236, 6, -33, -1, 1]],
 [98397, [-5, 16, -10, -1, 1]],
 [98537, [22, 1, -15, -1, 1]],
 [98725, [239, 31, -30, -2, 1]],
 [98885, [13, 5, -12, -2, 1]],
 [98896, [2, -2, -8, 0, 1]],
 [99392, [92, 20, -19, -2, 1]],
 [99416, [86, 0, -19, 0, 1]],
 [99713, [-2, -11, -11, 0, 1]],
 [99725, [241, 33, -32, -2, 1]],
 [99732, [2, 0, -8, -1, 1]],
 [99852, [11, 3, -8, -1, 1]],
 [99904, [89, 6, -23, -2, 1]],
 [100025, [239, 13, -32, -1, 1]],
 [100069, [2, -1, -8, 0, 1]],
 [100125, [241, 4, -34, -1, 1]],
 [100225, [236, 26, -33, -1, 1]],
 [100288, [9, -2, -13, -2, 1]],
 [100352, [98, 0, -28, 0, 1]],
 [100352, [2, 0, -8, 0, 1]],
 [100400, [251, 0, -32, 0, 1]],
 [100525, [239, 18, -32, -1, 1]],
 [100656, [3, -8, -15, 0, 1]],
 [100688, [-1, 8, -8, -2, 1]],
 [100729, [-4, 17, -10, -1, 1]],
 [100861, [18, 15, -14, -2, 1]],
 [100893, [23, 19, -15, -1, 1]],
 [100912, [1, -2, -9, 0, 1]],
 [100944, [1, -4, -10, -2, 1]],
 [101025, [244, 34, -33, -2, 1]],
 [101225, [244, 2, -35, -1, 1]],
 [101277, [4, 7, -6, -2, 1]],
 [101300, [10, 2, -8, -1, 1]],
 [101329, [5, 11, -12, -1, 1]],
 [101344, [10, -4, -9, 0, 1]],
 [101525, [245, 35, -34, -2, 1]],
 [101548, [1, 3, -12, -1, 1]],
 [101652, [16, -6, -14, 0, 1]],
 [101669, [-4, -17, -12, 0, 1]],
 [101717, [7, 0, -8, -1, 1]],
 [101889, [13, 1, -10, -1, 1]],
 [101952, [3, 6, -6, -2, 1]],
 [102017, [19, 12, -11, -2, 1]],
 [102152, [2, 0, -11, 0, 1]],
 [102464, [94, 24, -23, -2, 1]],
 [102541, [2, 7, -6, -2, 1]],
 [102625, [241, 29, -34, -1, 1]],
 [102656, [89, -16, -24, 0, 1]],
 [103448, [10, 22, -15, -1, 1]],
 [103612, [2, -4, -9, -1, 1]],
 [103625, [251, 32, -31, -2, 1]],
 [104153, [8, -5, -9, 0, 1]],
 [104225, [244, 32, -35, -1, 1]],
 [104256, [37, 2, -16, -2, 1]],
 [104400, [261, 0, -33, 0, 1]],
 [104512, [94, 4, -25, -2, 1]],
 [104549, [9, -1, -8, 0, 1]],
 [104693, [32, 10, -13, -1, 1]],
 [104725, [251, 11, -33, -1, 1]],
 [104825, [-5, 20, -11, -1, 1]],
 [104968, [16, 6, -10, -1, 1]],
 [105025, [245, 35, -36, -1, 1]],
 [105413, [3, 7, -6, -2, 1]],
 [105456, [39, 0, -13, 0, 1]],
 [105472, [103, 0, -22, 0, 1]],
 [105536, [98, 20, -19, -2, 1]],
 [105536, [92, 12, -21, -2, 1]],
 [105633, [3, 12, -11, -2, 1]],
 [105725, [251, 21, -33, -1, 1]],
 [105840, [15, 0, -12, 0, 1]],
 [105840, [15, 0, -9, 0, 1]],
 [105984, [46, 0, -14, 0, 1]],
 [105984, [46, 0, -22, 0, 1]],
 [106048, [97, 26, -25, -2, 1]],
 [106168, [36, 8, -13, -1, 1]],
 [106268, [3, -1, -8, -1, 1]],
 [106272, [24, -8, -15, 0, 1]],
 [106657, [5, -11, -11, 0, 1]],
 [106676, [5, 8, -8, -2, 1]],
 [106804, [-4, 15, -13, -1, 1]],
 [106825, [6, 19, -14, -1, 1]],
 [106832, [7, 2, -12, -2, 1]],
 [106977, [36, 14, -13, -2, 1]],
 [107072, [97, 2, -27, -2, 1]],
 [107225, [256, 16, -33, -1, 1]],
 [107257, [1, -3, -9, 0, 1]],
 [107357, [11, 4, -8, -1, 1]],
 [107408, [16, 8, -14, -2, 1]],
 [107584, [62, 24, -23, -2, 1]],
 [107600, [269, 0, -34, 0, 1]],
 [107637, [6, -3, -8, 0, 1]],
 [107653, [29, -22, -24, -1, 1]],
 [107725, [261, 33, -32, -2, 1]],
 [107749, [5, -3, -10, -2, 1]],
 [107984, [7, 8, -12, -2, 1]],
 [108116, [4, -8, -12, -1, 1]],
 [108148, [44, 8, -14, -1, 1]],
 [108256, [8, -8, -11, 0, 1]],
 [108301, [17, 11, -11, -1, 1]],
 [108400, [271, 0, -33, 0, 1]],
 [108432, [33, -24, -21, 0, 1]],
 [108436, [26, 5, -15, -1, 1]],
 [108625, [261, 9, -34, -1, 1]],
 [108649, [-1, 8, -11, -1, 1]],
 [108664, [-4, 42, -20, -1, 1]],
 [108800, [94, -20, -26, 0, 1]],
 [108912, [12, -12, -14, 0, 1]],
 [109008, [3, 0, -8, -2, 1]],
 [109048, [2, -4, -11, 0, 1]],
 [109436, [28, 10, -11, -2, 1]],
 [109621, [12, 5, -8, -2, 1]],
 [109809, [7, -7, -12, -1, 1]],
 [109961, [4, -1, -8, -1, 1]],
 [110125, [261, 24, -34, -1, 1]],
 [110416, [2, -2, -9, -2, 1]],
 [110421, [4, 4, -13, -1, 1]],
 [110736, [37, -12, -17, 0, 1]],
 [110848, [98, -4, -22, 0, 1]],
 [110945, [2, 1, -8, -1, 1]],
 [111025, [269, 34, -33, -2, 1]],
 [111028, [4, -2, -10, 0, 1]],
 [111121, [20, 2, -11, -1, 1]],
 [111168, [103, 22, -21, -2, 1]],
 [111168, [10, 8, -7, -2, 1]],
 [111224, [1, 5, -8, -1, 1]],
 [111600, [279, 0, -36, 0, 1]],
 [111609, [1, 5, -7, -2, 1]],
 [111621, [33, 7, -13, -1, 1]],
 [111725, [271, 33, -32, -2, 1]],
 [111725, [269, 7, -35, -1, 1]],
 [112096, [-6, -20, -13, 0, 1]],
 [112220, [4, 15, -11, -1, 1]],
 [112304, [9, -6, -17, 0, 1]],
 [112400, [281, 0, -37, 0, 1]],
 [112464, [-5, -18, -16, 0, 1]],
 [112488, [3, 3, -10, -1, 1]],
 [112685, [1, 3, -8, -2, 1]],
 [112820, [-2, 13, -9, -1, 1]],
 [112848, [2, -10, -10, 0, 1]],
 [112896, [81, 0, -24, 0, 1]],
 [112896, [49, 0, -28, 0, 1]],
 [112904, [13, 10, -14, -2, 1]],
 [112908, [16, -4, -16, -1, 1]],
 [112937, [11, 0, -9, -1, 1]],
 [112960, [24, -8, -16, 0, 1]],
 [112972, [8, -4, -11, -1, 1]],
 [113153, [1, 8, -13, -1, 1]],
 [113288, [8, 22, -14, -1, 1]],
 [113329, [-1, -9, -13, -2, 1]],
 [113337, [37, 4, -13, -1, 1]],
 [113481, [12, 3, -9, -2, 1]],
 [113513, [7, 10, -9, -1, 1]],
 [113525, [275, 35, -34, -2, 1]],
 [113600, [284, 0, -34, 0, 1]],
 [113625, [271, 19, -34, -1, 1]],
 [113688, [39, 3, -14, -1, 1]],
 [113725, [269, 27, -35, -1, 1]],
 [113728, [98, 16, -21, -2, 1]],
 [113872, [1, -4, -9, 0, 1]],
 [113925, [15, 0, -10, -1, 1]],
 [113929, [23, 2, -11, -1, 1]],
 [113940, [28, 8, -12, -1, 1]],
 [114024, [15, 3, -10, -1, 1]],
 [114025, [275, 5, -36, -1, 1]],
 [114192, [37, -18, -19, 0, 1]],
 [114192, [46, 14, -13, -2, 1]],
 [114197, [-1, 9, -9, -1, 1]],
 [114236, [1, 19, -12, -1, 1]],
 [114368, [3, -2, -9, -2, 1]],
 [114397, [5, 8, -8, -1, 1]],
 [114413, [39, 13, -12, -2, 1]],
 [114421, [25, 9, -10, -2, 1]],
 [114484, [20, 12, -14, -1, 1]],
 [114548, [-4, -18, -14, 0, 1]],
 [114561, [15, 6, -9, -1, 1]],
 [114629, [51, 5, -15, -1, 1]],
 [114933, [3, -3, -8, 0, 1]],
 [114944, [98, -28, -30, 0, 1]],
 [114973, [13, 7, -10, -2, 1]],
 [115225, [279, 36, -35, -2, 1]],
 [115389, [13, 10, -10, -1, 1]],
 [115520, [1, -2, -16, -2, 1]],
 [115525, [279, 3, -37, -1, 1]],
 [115592, [1, 9, -8, -1, 1]],
 [115617, [2, 9, -8, -1, 1]],
 [115744, [2, -8, -13, 0, 1]],
 [115776, [4, 4, -9, -2, 1]],
 [115857, [9, -16, -15, 0, 1]],
 [115909, [1, -12, -15, 0, 1]],
 [115965, [11, 16, -12, -1, 1]],
 [116032, [2, -8, -12, -2, 1]],
 [116073, [3, -7, -9, 0, 1]],
 [116125, [281, 37, -36, -2, 1]],
 [116225, [281, 1, -38, -1, 1]],
 [116272, [43, 0, -17, 0, 1]],
 [116288, [103, 10, -23, -2, 1]],
 [116308, [1, -6, -12, 0, 1]],
 [116397, [-1, 13, -9, -1, 1]],
 [116404, [12, -2, -10, 0, 1]],
 [116525, [275, 30, -36, -1, 1]],
 [116532, [6, 18, -12, -1, 1]],
 [116613, [5, -1, -12, -2, 1]],
 [116628, [56, -2, -16, 0, 1]],
 [116773, [9, 22, -14, -1, 1]],
 [116800, [10, 0, -10, -2, 1]],
 [116825, [-5, -20, -15, -1, 1]],
 [116837, [7, 8, -11, -2, 1]],
 [117025, [284, 34, -33, -2, 1]],
 [117445, [1, -3, -10, -2, 1]],
 [117801, [1, 2, -9, -1, 1]],
 [117824, [100, 20, -21, -2, 1]],
 [118000, [295, 0, -35, 0, 1]],
 [118004, [-10, 24, -12, -1, 1]],
 [118192, [1, -6, -9, 0, 1]],
 [118201, [81, 9, -22, -1, 1]],
 [118225, [284, 12, -35, -1, 1]],
 [118257, [9, -12, -15, -1, 1]],
 [118488, [8, -8, -13, 0, 1]],
 [118489, [1, -5, -9, 0, 1]],
 [118525, [279, 33, -37, -1, 1]],
 [118537, [-2, -11, -13, 0, 1]],
 [118616, [8, 10, -10, -1, 1]],
 [118732, [-2, 12, -9, -1, 1]],
 [118768, [13, -2, -9, 0, 1]],
 [118800, [46, 22, -21, -2, 1]],
 [118865, [10, 5, -8, -1, 1]],
 [119025, [256, 0, -37, 0, 1]],
 [119068, [13, -25, -22, -1, 1]],
 [119225, [284, 22, -35, -1, 1]],
 [119228, [-1, -9, -12, -1, 1]],
 [119285, [5, -3, -8, 0, 1]],
 [119369, [8, 1, -8, -1, 1]],
 [119664, [-1, 8, -9, -2, 1]],
 [119689, [17, -7, -14, -1, 1]],
 [119725, [281, 36, -38, -1, 1]],
 [119893, [-2, -11, -12, 0, 1]],
 [119957, [1, -9, -11, -1, 1]],
 [120049, [-1, -14, -17, 0, 1]],
 [120064, [38, -4, -14, 0, 1]],
 [120125, [281, 39, -39, -1, 1]],
 [120436, [36, 5, -13, -1, 1]],
 [120565, [1, -6, -10, -1, 1]],
 [120656, [7, -2, -8, 0, 1]],
 [120725, [289, 17, -35, -1, 1]],
 [120816, [4, -12, -14, 0, 1]],
 [120896, [112, 24, -23, -2, 1]],
 [120957, [21, 6, -10, -1, 1]],
 [121072, [7, 0, -9, -2, 1]],
 [121104, [13, -20, -19, 2, 1]],
 [121236, [18, -3, -13, -1, 1]],
 [121408, [113, 22, -21, -2, 1]],
 [121525, [295, 35, -34, -2, 1]],
 [121556, [26, 7, -11, -1, 1]],
 [121568, [8, 8, -11, -2, 1]],
 [121577, [2, -7, -9, 0, 1]],
 [121801, [20, 3, -10, -1, 1]],
 [121856, [119, 0, -22, 0, 1]],
 [121856, [119, 0, -26, 0, 1]],
 [122157, [15, 9, -8, -2, 1]],
 [122260, [2, 2, -8, -1, 1]],
 [122288, [7, -10, -11, 0, 1]],
 [122525, [295, 10, -36, -1, 1]],
 [122688, [46, -8, -24, -2, 1]],
 [122704, [15, 8, -8, -2, 1]],
 [122825, [86, 1, -23, -1, 1]],
 [123040, [7, 6, -16, -2, 1]],
 [123260, [2, 12, -9, -1, 1]],
 [123336, [29, 7, -12, -1, 1]],
 [123344, [13, 0, -11, -2, 1]],
 [123425, [8, 5, -7, -2, 1]],
 [123456, [3, -6, -14, -2, 1]],
 [123616, [8, 4, -9, -2, 1]],
 [123728, [3, -2, -8, 0, 1]],
 [123729, [3, 3, -7, -2, 1]],
 [123796, [12, 13, -11, -1, 1]],
 [123924, [2, -6, -14, -1, 1]],
 [123968, [2, -4, -10, -2, 1]],
 [123992, [52, 7, -15, -1, 1]],
 [124025, [295, 25, -36, -1, 1]],
 [124076, [4, -4, -11, -1, 1]],
 [124156, [-3, -17, -14, -1, 1]],
 [124160, [7, -4, -14, 0, 1]],
 [124400, [311, 0, -37, 0, 1]],
 [124568, [-4, 18, -12, -1, 1]],
 [124737, [9, 9, -14, -1, 1]],
 [124745, [14, -1, -9, 0, 1]],
 [124992, [112, 8, -25, -2, 1]],
 [125157, [15, 3, -10, -2, 1]],
 [125225, [304, 36, -35, -2, 1]],
 [125325, [3, 0, -8, -1, 1]],
 [125525, [305, 35, -34, -2, 1]],
 [125536, [22, -8, -13, 0, 1]],
 [125677, [21, 1, -11, -1, 1]],
 [125776, [12, -8, -16, -2, 1]],
 [125780, [2, -3, -9, -1, 1]],
 [125901, [1, -13, -15, -1, 1]],
 [126168, [6, 6, -11, -1, 1]],
 [126365, [11, 8, -11, -2, 1]],
 [126400, [316, 0, -38, 0, 1]],
 [126437, [9, -1, -9, -1, 1]],
 [126529, [12, -2, -11, -1, 1]],
 [126844, [1, 15, -10, -1, 1]],
 [126857, [10, 3, -8, -1, 1]],
 [126869, [5, -3, -9, -1, 1]],
 [127025, [305, 15, -36, -1, 1]],
 [127168, [2, 4, -7, -2, 1]],
 [127232, [113, -8, -24, 0, 1]],
 [127257, [36, 6, -15, -1, 1]],
 [127269, [7, -6, -13, 0, 1]],
 [127273, [4, 3, -7, -2, 1]],
 [127449, [1, 0, -19, 0, 1]],
 [127525, [305, 20, -36, -1, 1]],
 [127552, [119, 22, -21, -2, 1]],
 [127568, [4, 8, -12, -2, 1]],
 [127600, [319, 0, -36, 0, 1]],
 [127600, [319, 0, -39, 0, 1]],
 [127701, [55, 4, -16, -1, 1]],
 [127824, [33, -6, -14, 0, 1]],
 [127896, [9, -3, -12, -1, 1]],
 [127904, [17, 14, -14, -2, 1]],
 [127933, [43, 17, -16, -2, 1]],
 [127952, [5, -12, -14, 0, 1]],
 [128012, [-1, 19, -14, -1, 1]],
 [128025, [304, 28, -37, -1, 1]],
 [128357, [-8, -23, -14, 0, 1]],
 [128357, [3, -1, -8, 0, 1]],
 [128357, [1, 8, -8, -1, 1]],
 [128521, [-7, 20, -11, -1, 1]],
 [128725, [311, 6, -38, -1, 1]],
 [129024, [126, 0, -24, 0, 1]],
 [129164, [28, 8, -15, -2, 1]],
 [129168, [52, 16, -15, -2, 1]],
 [129168, [49, 28, -27, -2, 1]],
 [129197, [9, 2, -8, -1, 1]],
 [129336, [14, 6, -11, -1, 1]],
 [129344, [1, -6, -11, -2, 1]],
 [129344, [13, 6, -8, -2, 1]],
 [129597, [3, -6, -10, -1, 1]],
 [129612, [13, -1, -10, -1, 1]],
 [130048, [127, 0, -30, 0, 1]],
 [130100, [34, -7, -17, -1, 1]],
 [130225, [316, 38, -37, -2, 1]],
 [130397, [13, 7, -9, -1, 1]],
 [131084, [2, 2, -11, -2, 1]],
 [131133, [21, -1, -12, 0, 1]],
 [131225, [319, 36, -35, -2, 1]],
 [131225, [311, 31, -38, -1, 1]],
 [131288, [6, -8, -11, 0, 1]],
 [131328, [57, 0, -18, 0, 1]],
 [131472, [46, -6, -17, 0, 1]],
 [131472, [52, 20, -19, -2, 1]],
 [131489, [-2, -13, -11, 0, 1]],
 [131525, [319, 39, -38, -2, 1]],
 [131648, [6, 8, -10, -2, 1]],
 [131648, [119, 6, -27, -2, 1]],
 [131669, [17, 7, -13, -1, 1]],
 [131725, [319, 2, -40, -1, 1]],
 [131877, [4, -9, -10, 0, 1]],
 [131904, [46, 8, -16, -2, 1]],
 [132025, [320, 40, -39, -2, 1]],
 [132025, [15, 5, -9, -2, 1]],
 [132080, [4, -4, -14, 0, 1]],
 [132161, [7, -2, -9, -1, 1]],
 [132381, [9, -7, -12, 0, 1]],
 [132400, [331, 0, -37, 0, 1]],
 [132401, [-1, -9, -11, 0, 1]],
 [132496, [9, -20, -19, 2, 1]],
 [132525, [319, 13, -37, -1, 1]],
 [132560, [4, -8, -11, 0, 1]],
 [132613, [17, 13, -12, -2, 1]],
 [132621, [23, 4, -12, -1, 1]],
 [132649, [-4, 15, -10, -1, 1]],
 [132741, [9, 3, -11, -1, 1]],
 [132889, [11, 8, -9, -1, 1]],
 [133117, [5, 1, -8, -2, 1]],
 [133225, [289, 0, -39, 0, 1]],
 [133229, [26, 11, -10, -2, 1]],
 [133341, [39, 0, -16, -1, 1]],
 [133360, [5, -2, -14, -2, 1]],
 [133381, [63, 15, -16, -2, 1]],
 [133456, [1, -10, -10, 0, 1]],
 [133485, [21, 4, -10, -1, 1]],
 [133525, [319, 23, -37, -1, 1]],
 [133593, [2, 3, -8, -1, 1]],
 [133625, [316, 34, -39, -1, 1]],
 [133673, [-1, -14, -13, -1, 1]],
 [133696, [6, -4, -11, -2, 1]],
 [133712, [47, -6, -16, 0, 1]],
 [133712, [6, -2, -8, 0, 1]],
 [133893, [15, 3, -9, -1, 1]],
 [134036, [28, 4, -12, -1, 1]],
 [134208, [124, 28, -27, -2, 1]],
 [134336, [4, -8, -14, 0, 1]],
 [134384, [5, -6, -9, 0, 1]],
 [134464, [1, 6, -7, -2, 1]],
 [134480, [20, 0, -11, 0, 1]],
 [134509, [1, 3, -9, -1, 1]],
 [134513, [5, 1, -10, -1, 1]],
 [134604, [1, -5, -10, -1, 1]],
 [134661, [23, 9, -14, -2, 1]],
 [134928, [54, 18, -17, -2, 1]],
 [135025, [324, 18, -37, -1, 1]],
 [135036, [31, 0, -16, 0, 1]],
 [135036, [12, -12, -17, -1, 1]],
 [135041, [32, -9, -15, 0, 1]],
 [135185, [19, 0, -11, -1, 1]],
 [135209, [-16, 31, -14, -1, 1]],
 [135225, [319, 37, -40, -1, 1]],
 [135232, [126, 24, -23, -2, 1]],
 [135401, [7, 12, -11, -2, 1]],
 [135424, [121, 0, -24, 0, 1]],
 [135553, [23, 14, -13, -1, 1]],
 [135645, [5, 0, -8, -1, 1]],
 [135801, [36, 3, -14, -1, 1]],
 [136025, [320, 40, -41, -1, 1]],
 [136256, [124, 4, -29, -2, 1]],
 [136288, [27, -4, -16, 0, 1]],
 [136400, [341, 0, -37, 0, 1]],
 [136404, [9, -10, -12, 0, 1]],
 [136408, [18, -18, -19, -1, 1]],
 [136564, [8, 6, -14, -2, 1]],
 [136768, [119, 18, -23, -2, 1]],
 [136908, [4, 10, -10, -1, 1]],
 [137001, [-2, 11, -10, -1, 1]],
 [137152, [6, 4, -7, -2, 1]],
 [137225, [331, 11, -38, -1, 1]],
 [137268, [1, 4, -12, -2, 1]],
 [137552, [17, 2, -13, -2, 1]],
 [137556, [-2, 16, -10, -1, 1]],
 [137588, [40, -2, -14, 0, 1]],
 [137661, [3, 1, -13, -1, 1]],
 [137680, [18, -2, -10, 0, 1]],
 [137792, [127, 30, -29, -2, 1]],
 [137808, [3, -14, -12, 0, 1]],
 [137904, [51, 0, -16, 0, 1]],
 [137904, [51, 0, -23, 0, 1]],
 [138061, [7, -2, -13, 0, 1]],
 [138297, [29, 9, -11, -2, 1]],
 [138384, [49, 0, -17, 0, 1]],
 [138725, [331, 26, -38, -1, 1]],
 [138761, [11, 12, -15, -1, 1]],
 [138768, [8, 12, -11, -2, 1]],
 [138768, [9, 8, -7, -2, 1]],
 [138816, [12, 12, -11, -2, 1]],
 [138816, [127, 2, -31, -2, 1]],
 [138892, [12, 2, -10, -1, 1]],
 [139109, [7, -1, -8, 0, 1]],
 [139224, [15, 9, -10, -1, 1]],
 [139328, [128, 32, -31, -2, 1]],
 [139596, [9, -9, -14, -1, 1]],
 [139600, [4, -20, -16, 0, 1]],
 [139641, [4, -10, -13, -1, 1]],
 [140101, [29, 35, -21, -1, 1]],
 [140125, [341, 37, -36, -2, 1]],
 [140225, [341, 38, -37, -2, 1]],
 [140277, [1, -4, -10, -1, 1]],
 [140340, [8, -2, -10, 0, 1]],
 [140449, [9, -6, -13, -1, 1]],
 [140544, [61, 0, -16, 0, 1]],
 [140608, [52, 0, -26, 0, 1]],
 [140777, [36, 20, -17, -1, 1]],
 [140864, [121, 22, -23, -2, 1]],
 [140949, [19, -18, -17, 0, 1]],
 [141077, [7, 15, -11, -1, 1]],
 [141125, [341, 9, -39, -1, 1]],
 [141129, [23, 1, -12, -1, 1]],
 [141217, [4, 12, -13, -1, 1]],
 [141300, [4, 4, -10, -1, 1]],
 [141384, [1, 23, -16, -1, 1]],
 [141393, [-7, -23, -19, 0, 1]],
 [141568, [126, -12, -26, 0, 1]],
 [141601, [9, 7, -7, -2, 1]],
 [141632, [10, 4, -8, -2, 1]],
 [141656, [32, 4, -16, -1, 1]],
 [141681, [21, 9, -11, -2, 1]],
 [141725, [341, 16, -38, -1, 1]],
 [141889, [6, 7, -8, -1, 1]],
 [141957, [1, -2, -10, -1, 1]],
 [142000, [355, 0, -40, 0, 1]],
 [142097, [25, -1, -11, 0, 1]],
 [142129, [16, 0, -21, 0, 1]],
 [142161, [20, -2, -15, -1, 1]],
 [142225, [341, 21, -38, -1, 1]],
 [142228, [2, 8, -8, -1, 1]],
 [142400, [356, 0, -38, 0, 1]],
 [142733, [5, -16, -15, 0, 1]],
 [142776, [2, -2, -9, -1, 1]],
 [142877, [11, -2, -10, -1, 1]],
 [142929, [25, -15, -17, 0, 1]],
 [143129, [11, -6, -13, 0, 1]],
 [143384, [1, -11, -12, -1, 1]],
 [143481, [48, 20, -19, -2, 1]],
 [143501, [3, 8, -8, -1, 1]],
 [143525, [349, 39, -38, -2, 1]],
 [143600, [359, 0, -41, 0, 1]],
 [143749, [17, -1, -11, -1, 1]],
 [143764, [24, -4, -16, 0, 1]],
 [143833, [7, -5, -9, 0, 1]],
 [143896, [-3, 13, -12, -1, 1]],
 [144212, [2, 4, -8, -1, 1]],
 [144225, [349, 7, -40, -1, 1]],
 [144344, [9, 5, -8, -1, 1]],
 [144385, [5, 1, -15, -2, 1]],
 [144400, [305, -40, -39, 2, 1]],
 [144709, [-3, 19, -11, -1, 1]],
 [144720, [9, -4, -9, 0, 1]],
 [144832, [20, -8, -14, 0, 1]],
 [144833, [43, -11, -20, -1, 1]],
 [144869, [4, -1, -8, 0, 1]],
 [145044, [4, 11, -9, -1, 1]],
 [145108, [2, 5, -11, -1, 1]],
 [145269, [55, -3, -16, 0, 1]],
 [145296, [46, -30, -25, 0, 1]],
 [145309, [-1, -10, -12, -1, 1]],
 [145408, [-2, -16, -12, 0, 1]],
 [145408, [142, 0, -24, 0, 1]],
 [145472, [136, 24, -23, -2, 1]],
 [145509, [7, 8, -16, -1, 1]],
 [145557, [3, -3, -9, -1, 1]],
 [145645, [7, -17, -16, 0, 1]],
 [145709, [3, 1, -8, -2, 1]],
 [145728, [49, 14, -16, -2, 1]],
 [145728, [54, 0, -20, -2, 1]],
 [145729, [5, -11, -13, 0, 1]],
 [145916, [8, -6, -12, -1, 1]],
 [146025, [355, 40, -39, -2, 1]],
 [146225, [356, 38, -37, -2, 1]],
 [146305, [-1, -13, -11, 0, 1]],
 [146516, [31, 4, -14, -2, 1]],
 [146525, [355, 5, -41, -1, 1]],
 [146688, [6, -4, -12, 0, 1]],
 [146725, [349, 32, -40, -1, 1]],
 [146812, [127, 0, -24, 0, 1]],
 [146921, [4, -5, -11, -2, 1]],
 [146944, [6, -8, -10, 0, 1]],
 [146956, [32, -8, -17, 0, 1]],
 [146957, [27, 5, -11, -1, 1]],
 [147008, [137, 26, -25, -2, 1]],
 [147069, [21, 12, -12, -1, 1]],
 [147101, [26, 23, -22, -2, 1]],
 [147152, [2, 2, -8, -2, 1]],
 [147348, [16, 16, -16, -1, 1]],
 [147625, [356, 14, -39, -1, 1]],
 [147725, [359, 41, -40, -2, 1]],
 [147788, [26, 4, -11, -1, 1]],
 [147852, [8, 4, -15, -1, 1]],
 [148025, [359, 3, -42, -1, 1]],
 [148104, [-6, 18, -11, -1, 1]],
 [148104, [-2, -14, -13, -1, 1]],
 [148225, [324, 0, -41, 0, 1]],
 [148372, [38, 2, -14, -1, 1]],
 [148496, [10, 2, -9, -2, 1]],
 [148560, [18, -6, -16, -2, 1]],
 [148617, [16, 20, -19, -2, 1]],
 [148625, [361, 42, -41, -2, 1]],
 [148625, [356, 24, -39, -1, 1]],
 [148700, [5, -5, -10, -1, 1]],
 [148725, [361, 1, -43, -1, 1]],
 [148752, [52, -12, -19, 0, 1]],
 [148788, [19, 8, -10, -2, 1]],
 [148793, [-1, 12, -9, -1, 1]],
 [148889, [51, 16, -15, -2, 1]],
 [148969, [4, 6, -13, -2, 1]],
 [149001, [29, -5, -13, 0, 1]],
 [149168, [13, -2, -14, -2, 1]],
 [149189, [4, 1, -8, -2, 1]],
 [149200, [10, 10, -10, -2, 1]],
 [149297, [2, 5, -7, -2, 1]],
 [149504, [146, 0, -28, 0, 1]],
 [149521, [1, 12, -9, -1, 1]],
 [149525, [355, 35, -41, -1, 1]],
 [149841, [16, -12, -17, 0, 1]],
 [149904, [61, 16, -15, -2, 1]],
 [149949, [16, 2, -13, -2, 1]],
 [149989, [1, -1, -10, 0, 1]],
 [150036, [47, 12, -14, -2, 1]],
 [150049, [3, -8, -11, -1, 1]],
 [150057, [7, 5, -7, -2, 1]],
 [150125, [361, 19, -39, -1, 1]],
 [150152, [8, 0, -13, 0, 1]],
 [150164, [22, -7, -17, -1, 1]],
 [150336, [1, 10, -12, -2, 1]],
 [150489, [-2, 11, -13, -2, 1]],
 [151141, [5, -1, -8, 0, 1]],
 [151312, [29, -2, -18, -2, 1]],
 [151348, [3, 4, -10, -2, 1]],
 [151472, [-4, -28, -18, 0, 1]],
 [151525, [369, 39, -38, -2, 1]],
 [151525, [359, 38, -42, -1, 1]],
 [151572, [4, 8, -10, -1, 1]],
 [151593, [29, 43, -24, -1, 1]],
 [151600, [379, 0, -39, 0, 1]],
 [151616, [142, 24, -23, -2, 1]],
 [151664, [19, 8, -9, -2, 1]],
 [151717, [19, -1, -10, 0, 1]],
 [151717, [16, -23, -18, 0, 1]],
 [151717, [17, 8, -10, -1, 1]],
 [151725, [9, 11, -10, -2, 1]],
 [151725, [-1, 9, -8, -2, 1]],
 [151757, [8, -1, -10, -2, 1]],
 [152000, [380, 0, -40, 0, 1]],
 [152013, [-3, 16, -10, -1, 1]],
 [152017, [15, -2, -11, -1, 1]],
 [152128, [137, 10, -27, -2, 1]],
 [152221, [7, 17, -16, -2, 1]],
 [152272, [5, 4, -7, -2, 1]],
 [152521, [5, 9, -10, -1, 1]],
 [152561, [4, -2, -11, -1, 1]],
 [152640, [43, -12, -20, 0, 1]],
 [152640, [40, -24, -22, 0, 1]],
 [152716, [-2, -12, -13, -1, 1]],
 [152725, [369, 12, -40, -1, 1]],
 [152725, [361, 41, -43, -1, 1]],
 [152737, [2, 5, -8, -1, 1]],
 [152756, [50, 9, -15, -1, 1]],
 [152913, [-7, -32, -19, 0, 1]],
 [152944, [5, -8, -13, -2, 1]],
 [153248, [-10, -26, -15, 0, 1]],
 [153328, [63, 0, -17, 0, 1]],
 [153460, [-6, 20, -16, -1, 1]],
 [153552, [4, -8, -16, -2, 1]],
 [153600, [54, 0, -16, 0, 1]],
 [153600, [6, 0, -8, 0, 1]],
 [153792, [2, -4, -15, -2, 1]],
 [153856, [137, -16, -28, 0, 1]],
 [153981, [19, 2, -12, -1, 1]],
 [154144, [12, 8, -9, -2, 1]],
 [154188, [48, 0, -17, -1, 1]],
 [154225, [369, 27, -40, -1, 1]],
 [154273, [59, 9, -16, -1, 1]],
 [154437, [-1, -9, -14, -2, 1]],
 [154621, [48, 10, -15, -1, 1]],
 [154624, [151, 0, -26, 0, 1]],
 [154625, [1, 4, -9, -1, 1]],
 [154652, [23, 0, -16, 0, 1]],
 [154708, [18, 2, -10, -1, 1]],
 [154733, [-3, -19, -15, -1, 1]],
 [154745, [2, 7, -8, -1, 1]],
 [154880, [5, 0, -8, 0, 1]],
 [154904, [104, 28, -26, -1, 1]],
 [155013, [7, -4, -10, -1, 1]],
 [155029, [-1, 11, -9, -1, 1]],
 [155088, [18, -2, -12, 0, 1]],
 [155344, [5, -4, -14, 0, 1]],
 [155412, [26, 10, -12, -1, 1]],
 [155457, [40, 1, -16, -1, 1]],
 [155525, [379, 39, -38, -2, 1]],
 [155600, [389, 0, -41, 0, 1]],
 [155664, [61, 26, -25, -2, 1]],
 [155664, [52, -24, -23, 0, 1]],
 [155669, [3, 2, -8, -1, 1]],
 [155800, [-1, 9, -10, -1, 1]],
 [155909, [1, -3, -14, -1, 1]],
 [155917, [-11, 27, -13, -1, 1]],
 [156308, [8, 2, -10, -2, 1]],
 [156605, [15, 5, -9, -1, 1]],
 [156661, [-3, 13, -11, -1, 1]],
 [156736, [146, 28, -27, -2, 1]],
 [157025, [380, 10, -41, -1, 1]],
 [157141, [9, 4, -8, -1, 1]],
 [157204, [25, -2, -12, 0, 1]],
 [157216, [34, 0, -17, 0, 1]],
 [157225, [379, 17, -40, -1, 1]],
 [157225, [6, 1, -8, -1, 1]],
 [157264, [1, -2, -10, 0, 1]],
 [157300, [20, -3, -13, -1, 1]],
 [157329, [45, 9, -15, -2, 1]],
 [157376, [5, 6, -11, -2, 1]],
 [157397, [23, -5, -12, 0, 1]],
 [157437, [-5, 38, -18, -1, 1]],
 [157609, [19, -2, -13, 0, 1]],
 [157649, [7, -22, -17, 0, 1]],
 [157676, [11, 7, -10, -1, 1]],
 [157677, [27, 51, -27, -1, 1]],
 [157725, [379, 22, -40, -1, 1]],
 [157784, [14, 6, -9, -1, 1]],
 [157876, [16, 6, -10, -2, 1]],
 [157952, [142, -4, -26, 0, 1]],
 [158000, [395, 0, -40, 0, 1]],
 [158133, [29, 11, -12, -2, 1]],
 [158229, [16, -3, -10, 0, 1]],
 [158353, [52, 26, -25, -2, 1]],
 [158396, [20, 7, -11, -1, 1]],
 [158400, [396, 0, -42, 0, 1]],
 [158437, [-1, -16, -14, -1, 1]],
 [158512, [11, -8, -11, 0, 1]],
 [158513, [4, 1, -8, -1, 1]],
 [158708, [-2, 11, -11, -1, 1]],
 [158753, [4, 14, -11, -1, 1]],
 [158976, [-3, -16, -12, 0, 1]],
 [158976, [69, 0, -24, 0, 1]],
 [159025, [380, 30, -41, -1, 1]],
 [159201, [-21, 63, -26, -1, 1]],
 [159277, [3, 14, -10, -1, 1]],
 [159325, [15, 17, -13, -1, 1]],
 [159425, [73, 15, -17, -2, 1]],
 [159493, [-1, -9, -13, -1, 1]],
 [159552, [61, -10, -28, -2, 1]],
 [159612, [12, 6, -10, -1, 1]],
 [159725, [389, 41, -40, -2, 1]],
 [159825, [2, -31, -19, 0, 1]],
 [159989, [13, -3, -11, -1, 1]]]
