[[14641, [-1, 3, 3, -4, -1, 1]],
 [24217, [1, 3, -1, -5, 0, 1]],
 [36497, [-1, 1, 5, -3, -2, 1]],
 [38569, [-1, 4, 0, -5, 0, 1]],
 [65657, [1, 5, 2, -5, -1, 1]],
 [70601, [-1, 3, 2, -5, -1, 1]],
 [81509, [-2, 5, 3, -5, -1, 1]],
 [81589, [-1, 8, 0, -6, 0, 1]],
 [89417, [3, 8, -1, -6, 0, 1]],
 [101833, [-1, 2, 5, -5, -1, 1]],
 [106069, [-4, 3, 7, -4, -2, 1]],
 [117688, [-1, 4, 4, -5, -1, 1]],
 [122821, [-1, 3, 4, -4, -2, 1]],
 [124817, [1, 2, -6, -7, 0, 1]],
 [126032, [-2, 6, 0, -6, 0, 1]],
 [135076, [-2, 4, 4, -5, -1, 1]],
 [138136, [-2, 4, 3, -6, -1, 1]],
 [138917, [1, 3, -2, -6, 0, 1]],
 [144209, [-1, 6, -1, -6, 0, 1]],
 [147109, [-2, 3, 5, -4, -2, 1]],
 [149169, [1, 4, -3, -6, 0, 1]],
 [153424, [-2, 0, 8, -4, -2, 1]],
 [157457, [-1, 4, 5, -4, -2, 1]],
 [160801, [-1, 3, 4, -5, -1, 1]],
 [161121, [1, 5, 3, -6, -1, 1]],
 [170701, [1, 4, 0, -6, -1, 1]],
 [173513, [-1, 3, 3, -5, -2, 1]],
 [176281, [-1, 4, 3, -5, -1, 1]],
 [176684, [-1, 5, -1, -6, 0, 1]],
 [179024, [-2, 6, 0, -8, 0, 1]],
 [180769, [-1, 0, 7, -4, -2, 1]],
 [181057, [-3, 2, 7, -4, -2, 1]],
 [186037, [-2, 5, 2, -6, -1, 1]],
 [195829, [1, 7, 6, -5, -2, 1]],
 [202817, [-1, 2, 5, -4, -2, 1]],
 [205225, [-3, 7, 3, -6, -1, 1]],
 [207184, [-1, 7, 2, -6, -1, 1]],
 [210557, [-1, 8, 4, -6, -1, 1]],
 [216637, [-2, 1, 7, -4, -2, 1]],
 [218524, [-1, 3, 5, -4, -2, 1]],
 [220036, [-1, -2, 11, -5, -2, 1]],
 [220669, [5, 11, -2, -7, 0, 1]],
 [223824, [-2, 2, 6, -4, -2, 1]],
 [223952, [2, 6, -2, -6, 0, 1]],
 [224773, [2, 7, 2, -6, -1, 1]],
 [230224, [-2, 3, 6, -4, -2, 1]],
 [233489, [-1, 5, 1, -6, -1, 1]],
 [236549, [-1, 2, 7, -6, -1, 1]],
 [240133, [-1, 2, 6, -4, -2, 1]],
 [240881, [-7, 5, 9, -5, -2, 1]],
 [242773, [1, 6, 4, -7, -1, 1]],
 [245992, [1, 7, -1, -6, 0, 1]],
 [246832, [-2, 7, 6, -5, -2, 1]],
 [249689, [1, 6, 4, -5, -2, 1]],
 [255877, [-5, 6, 6, -6, -1, 1]],
 [265504, [2, 6, -4, -7, 0, 1]],
 [270017, [-3, 7, 7, -5, -2, 1]],
 [273397, [-4, 9, 9, -6, -2, 1]],
 [274129, [1, 4, -1, -6, 0, 1]],
 [284897, [3, 10, 5, -6, -2, 1]],
 [287349, [-1, 7, 0, -6, 0, 1]],
 [288385, [3, 10, -2, -7, 0, 1]],
 [288565, [1, 8, 2, -6, -1, 1]],
 [288633, [-5, 7, 5, -6, -1, 1]],
 [294577, [3, 7, -1, -7, 0, 1]],
 [301117, [-7, 8, 10, -6, -2, 1]],
 [301909, [-1, 6, 5, -6, -1, 1]],
 [303952, [1, 5, 2, -6, -1, 1]],
 [305617, [1, 7, 5, -5, -2, 1]],
 [307145, [3, 8, 1, -7, -1, 1]],
 [307829, [1, 5, -2, -6, 0, 1]],
 [310097, [-1, 1, 7, -6, -1, 1]],
 [310257, [-3, 7, 5, -6, -1, 1]],
 [312617, [-3, -1, 11, -5, -2, 1]],
 [313905, [-3, 3, 7, -6, -1, 1]],
 [320837, [-4, 7, 4, -6, -1, 1]],
 [324301, [-1, 5, -2, -7, 0, 1]],
 [328784, [-2, 8, 4, -6, -1, 1]],
 [329977, [-5, 6, 8, -5, -2, 1]],
 [331312, [4, 7, -4, -7, 0, 1]],
 [339509, [9, 13, -4, -8, 0, 1]],
 [341692, [2, 4, -5, -7, 0, 1]],
 [345065, [-3, 14, 8, -7, -2, 1]],
 [347317, [-1, 5, 0, -6, 0, 1]],
 [352076, [-4, 8, 3, -8, -1, 1]],
 [352588, [-1, 0, 10, -7, -1, 1]],
 [354969, [3, 9, 0, -7, -1, 1]],
 [355309, [-1, 8, 3, -6, -1, 1]],
 [356173, [-4, 14, 9, -7, -2, 1]],
 [356789, [1, 1, -8, -8, 0, 1]],
 [357977, [1, 5, 1, -6, -1, 1]],
 [368464, [-4, 6, 6, -6, -2, 1]],
 [369849, [-1, 3, 3, -6, -1, 1]],
 [372289, [4, 11, -1, -7, 0, 1]],
 [373057, [1, 3, -5, -7, 0, 1]],
 [375116, [-2, 2, 7, -6, -1, 1]],
 [375145, [-5, 2, 10, -5, -2, 1]],
 [379077, [-2, 3, 5, -6, -2, 1]],
 [379477, [-4, 7, 4, -8, -1, 1]],
 [380224, [2, 5, -2, -8, 0, 1]],
 [386404, [13, 20, -3, -9, 0, 1]],
 [387268, [-2, 12, 4, -7, -1, 1]],
 [390625, [-1, 10, -5, -10, 0, 1]],
 [394064, [-3, 5, 6, -6, -1, 1]],
 [394657, [-9, 2, 13, -6, -2, 1]],
 [395721, [-3, 10, 0, -7, 0, 1]],
 [396520, [2, 16, 3, -8, -1, 1]],
 [398885, [-5, 10, 8, -6, -2, 1]],
 [401584, [-4, 12, 8, -7, -2, 1]],
 [403137, [-3, 6, 6, -5, -2, 1]],
 [404185, [-5, 5, 7, -5, -2, 1]],
 [404744, [-3, 7, 5, -6, -2, 1]],
 [406264, [-4, 7, 5, -6, -1, 1]],
 [410677, [-4, 5, 6, -6, -1, 1]],
 [414677, [4, 11, 1, -7, -1, 1]],
 [416249, [5, 9, -3, -7, 0, 1]],
 [419969, [1, 6, -1, -6, 0, 1]],
 [420460, [1, 3, -7, -8, 0, 1]],
 [421096, [-2, -2, 11, -5, -2, 1]],
 [422069, [-1, 11, 0, -7, 0, 1]],
 [422077, [1, 6, 3, -6, -1, 1]],
 [423537, [-1, 2, 9, -7, -1, 1]],
 [423904, [-2, 6, 1, -7, -1, 1]],
 [427569, [1, 7, -3, -7, 0, 1]],
 [429937, [-1, -6, 15, -6, -2, 1]],
 [442552, [-1, 6, 0, -7, -1, 1]],
 [446609, [-3, 8, 0, -7, 0, 1]],
 [449617, [1, 6, -1, -7, -1, 1]],
 [449733, [-1, 7, -6, -9, 0, 1]],
 [450277, [-1, 4, 2, -6, -1, 1]],
 [453712, [-10, 4, 12, -6, -2, 1]],
 [453749, [-3, 1, 10, -5, -2, 1]],
 [454057, [-3, 10, 3, -7, -1, 1]],
 [457904, [-6, 5, 8, -5, -2, 1]],
 [459513, [-3, 6, 3, -7, -1, 1]],
 [459533, [-1, -5, 19, -8, -2, 1]],
 [460708, [-5, 4, 9, -5, -2, 1]],
 [463341, [1, 6, 6, -6, -2, 1]],
 [463477, [-11, 5, 12, -6, -2, 1]],
 [466809, [3, 11, -1, -7, 0, 1]],
 [470117, [1, 7, 8, -6, -2, 1]],
 [475333, [-1, 2, 6, -6, -1, 1]],
 [475929, [3, 6, -3, -8, 0, 1]],
 [481097, [1, 3, -3, -7, 0, 1]],
 [482689, [-1, 4, 8, -5, -2, 1]],
 [483273, [-15, 12, 12, -7, -2, 1]],
 [484105, [1, 7, 3, -6, -1, 1]],
 [486337, [-2, 7, -1, -7, 0, 1]],
 [488149, [1, 5, -4, -7, 0, 1]],
 [493049, [-1, 4, 4, -5, -2, 1]],
 [495317, [-4, 4, 9, -7, -2, 1]],
 [501289, [1, 6, 5, -7, -1, 1]],
 [503376, [-1, 3, 6, -6, -1, 1]],
 [504568, [-2, 7, 3, -6, -1, 1]],
 [509324, [-6, 4, 9, -5, -2, 1]],
 [510889, [1, 7, 9, -8, -2, 1]],
 [512433, [1, 4, -1, -7, -1, 1]],
 [516112, [2, 5, -2, -7, 0, 1]],
 [516553, [-5, -6, 18, -7, -2, 1]],
 [516996, [-4, 8, 4, -7, -1, 1]],
 [518468, [-1, 6, 7, -5, -2, 1]],
 [518477, [-1, -1, 10, -5, -2, 1]],
 [521397, [12, 18, -3, -9, 0, 1]],
 [522052, [2, 6, 0, -7, -1, 1]],
 [528149, [1, 6, 2, -6, -1, 1]],
 [528933, [-1, 7, 4, -6, -2, 1]],
 [530193, [-1, 5, 0, -7, -1, 1]],
 [534265, [5, 10, -2, -7, 0, 1]],
 [535120, [-2, 4, 4, -6, -2, 1]],
 [535221, [-1, 6, -4, -8, 0, 1]],
 [537877, [-1, 7, -3, -8, 0, 1]],
 [537921, [3, 12, 3, -7, -1, 1]],
 [538981, [1, 11, 6, -6, -2, 1]],
 [541477, [-1, 6, 2, -6, -1, 1]],
 [549616, [-2, 4, 4, -7, -2, 1]],
 [552537, [-1, 4, 1, -7, -1, 1]],
 [552784, [-2, 4, 6, -6, -1, 1]],
 [558389, [-11, 14, 6, -8, -1, 1]],
 [558733, [-1, -2, 13, -8, -1, 1]],
 [559701, [-3, 10, 4, -7, -1, 1]],
 [562169, [-1, -1, 9, -5, -2, 1]],
 [563792, [-2, 12, 2, -8, -1, 1]],
 [574857, [-3, 3, 9, -5, -2, 1]],
 [576868, [8, 20, -2, -10, 0, 1]],
 [578876, [-2, 6, 5, -6, -1, 1]],
 [580017, [3, 6, -4, -7, 0, 1]],
 [580484, [3, 8, -3, -7, 0, 1]],
 [582992, [-3, 7, 4, -6, -1, 1]],
 [583504, [8, 15, -2, -8, 0, 1]],
 [586933, [5, 18, 2, -9, -1, 1]],
 [587989, [-2, 3, 6, -6, -1, 1]],
 [591953, [-11, 5, 13, -7, -2, 1]],
 [592041, [1, 12, 3, -7, -1, 1]],
 [592456, [-2, 8, 9, -6, -2, 1]],
 [594077, [-1, -4, 14, -6, -2, 1]],
 [594256, [2, 8, 4, -6, -2, 1]],
 [595792, [-8, 6, 10, -6, -2, 1]],
 [596573, [-3, 5, 8, -5, -2, 1]],
 [598729, [2, 7, 2, -7, -1, 1]],
 [600268, [-4, 6, 6, -7, -1, 1]],
 [602869, [-1, 7, -2, -7, 0, 1]],
 [605497, [4, 14, -1, -8, 0, 1]],
 [607081, [-7, 10, 5, -7, -1, 1]],
 [609872, [-3, 7, 8, -8, -1, 1]],
 [611084, [2, 6, -3, -8, -1, 1]],
 [612569, [7, 10, -5, -8, 0, 1]],
 [617072, [-4, 12, 6, -8, -1, 1]],
 [617176, [5, 9, -5, -8, 0, 1]],
 [621956, [-4, 10, 1, -9, -1, 1]],
 [623256, [-3, 3, 11, -6, -2, 1]],
 [624897, [-9, 10, 8, -7, -2, 1]],
 [625433, [7, 8, -8, -9, 0, 1]],
 [626512, [-2, 6, 4, -6, -2, 1]],
 [627484, [-2, 4, 5, -5, -2, 1]],
 [629584, [1, 7, -2, -8, -1, 1]],
 [630757, [-4, 9, 3, -7, -1, 1]],
 [632716, [-2, 8, -1, -7, 0, 1]],
 [633117, [-3, 6, 4, -6, -1, 1]],
 [636388, [-4, 6, 7, -7, -1, 1]],
 [636676, [1, 4, -1, -7, 0, 1]],
 [636981, [3, 23, -1, -10, 0, 1]],
 [638509, [-11, 1, 16, -7, -2, 1]],
 [638597, [1, 8, 8, -6, -2, 1]],
 [639649, [-1, 1, 9, -5, -2, 1]],
 [640181, [-1, 15, 0, -8, 0, 1]],
 [643312, [-4, 12, 10, -7, -2, 1]],
 [644464, [-2, -1, 10, -5, -2, 1]],
 [646517, [-4, 11, 8, -7, -2, 1]],
 [648101, [5, 14, 4, -8, -1, 1]],
 [651568, [-2, 8, -1, -9, -1, 1]],
 [656721, [-1, 6, -2, -7, 0, 1]],
 [661149, [7, 15, -2, -8, 0, 1]],
 [665521, [-1, 5, 5, -6, -1, 1]],
 [666412, [-2, 6, 3, -6, -1, 1]],
 [667489, [-1, 3, 5, -6, -1, 1]],
 [668973, [-2, 7, -1, -9, -1, 1]],
 [670669, [-5, 1, 17, -8, -2, 1]],
 [674848, [-11, 21, 8, -10, -1, 1]],
 [675097, [-3, 5, 5, -6, -1, 1]],
 [677761, [-7, 7, 8, -7, -1, 1]],
 [684609, [-3, 0, 10, -5, -2, 1]],
 [684617, [-3, 4, 6, -5, -2, 1]],
 [687329, [-1, 5, -1, -7, 0, 1]],
 [688624, [1, 7, 9, -9, -1, 1]],
 [689229, [2, 7, 2, -8, -1, 1]],
 [689344, [-19, 15, 11, -9, -1, 1]],
 [695665, [-13, 9, 13, -7, -2, 1]],
 [698569, [-1, 6, 2, -7, -2, 1]],
 [699969, [-3, 12, 10, -7, -2, 1]],
 [701089, [-1, 3, 6, -9, -1, 1]],
 [701413, [-1, 6, 6, -7, -1, 1]],
 [702521, [-5, 4, 9, -7, -1, 1]],
 [702657, [-3, 10, -3, -10, 0, 1]],
 [703228, [-8, 10, 10, -7, -2, 1]],
 [704737, [-5, 4, 8, -5, -2, 1]],
 [705136, [1, 9, 5, -7, -1, 1]],
 [706313, [-1, 1, 7, -5, -2, 1]],
 [706481, [1, 5, 2, -7, -1, 1]],
 [708592, [2, 12, 3, -7, -1, 1]],
 [708944, [-2, 24, 0, -10, 0, 1]],
 [710984, [-2, 6, 7, -5, -2, 1]],
 [711397, [-5, 7, 10, -6, -2, 1]],
 [712753, [-1, 7, 3, -6, -1, 1]],
 [712765, [1, 19, 9, -8, -2, 1]],
 [719440, [2, 9, 6, -6, -2, 1]],
 [721433, [-5, 3, 9, -5, -2, 1]],
 [722497, [7, 16, 3, -9, -1, 1]],
 [725316, [-4, 8, 6, -7, -1, 1]],
 [726369, [-1, 6, -3, -9, -1, 1]],
 [727024, [-7, 9, 7, -7, -1, 1]],
 [729281, [9, 14, -3, -8, 0, 1]],
 [729621, [3, 6, -6, -8, 0, 1]],
 [731653, [-4, 2, 11, -8, -1, 1]],
 [735609, [3, 9, 2, -7, -1, 1]],
 [737097, [-1, 3, 5, -5, -2, 1]],
 [737904, [-1, 11, 3, -7, -1, 1]],
 [739225, [1, 4, -4, -7, 0, 1]],
 [739688, [4, 12, 3, -8, -1, 1]],
 [740877, [1, 12, 1, -8, -1, 1]],
 [744784, [-4, 2, 10, -6, -2, 1]],
 [746052, [2, 8, 0, -7, -1, 1]],
 [747344, [2, 4, -4, -8, 0, 1]],
 [749264, [-2, 10, 8, -6, -2, 1]],
 [749769, [1, 6, 3, -6, -2, 1]],
 [750441, [-1, -2, 13, -6, -2, 1]],
 [752837, [-3, 8, 0, -8, 0, 1]],
 [753529, [11, 19, 0, -9, -1, 1]],
 [753625, [-1, 6, 7, -7, -1, 1]],
 [755536, [-8, -2, 18, -8, -2, 1]],
 [756697, [-1, 4, 3, -6, -2, 1]],
 [756781, [-1, 5, -2, -8, 0, 1]],
 [758752, [-10, 12, 10, -7, -2, 1]],
 [759809, [-1, 2, 6, -5, -2, 1]],
 [760752, [-4, 5, 8, -5, -2, 1]],
 [762985, [-1, 0, 9, -7, -1, 1]],
 [763513, [1, 2, -7, -8, 0, 1]],
 [763945, [-1, 5, -1, -8, -1, 1]],
 [767625, [1, 6, 5, -6, -2, 1]],
 [770669, [2, 9, 6, -8, -1, 1]],
 [772525, [-1, 4, 5, -6, -1, 1]],
 [775752, [-2, 4, 5, -6, -1, 1]],
 [785756, [-2, 0, 9, -5, -2, 1]],
 [787352, [-2, 2, 9, -5, -2, 1]],
 [787424, [-4, 8, 5, -7, -1, 1]],
 [791953, [2, 9, 7, -7, -2, 1]],
 [792644, [-2, 4, 4, -7, -1, 1]],
 [794581, [-1, 5, 10, -6, -2, 1]],
 [794973, [-1, 3, 8, -5, -2, 1]],
 [796520, [-5, 10, 4, -7, -1, 1]],
 [797229, [-6, 7, 7, -6, -2, 1]],
 [798417, [-1, 5, 5, -5, -2, 1]],
 [799225, [-1, 9, -1, -7, 0, 1]],
 [804272, [2, 3, -6, -9, 0, 1]],
 [805501, [-8, 9, 7, -7, -1, 1]],
 [808341, [-3, -3, 14, -6, -2, 1]],
 [809024, [-1, 1, 9, -7, -1, 1]],
 [813209, [-4, 3, 9, -5, -2, 1]],
 [815952, [-2, 9, 6, -6, -2, 1]],
 [816117, [-8, 9, 9, -6, -2, 1]],
 [819041, [-9, 13, 5, -8, -1, 1]],
 [819409, [3, 10, 3, -7, -1, 1]],
 [819664, [-1, 1, 14, -10, -1, 1]],
 [826865, [-1, 6, 6, -5, -2, 1]],
 [827397, [-4, 10, 1, -10, -1, 1]],
 [828412, [-1, 3, 9, -6, -2, 1]],
 [833077, [4, 15, -1, -8, 0, 1]],
 [833376, [-2, 10, 0, -7, 0, 1]],
 [834352, [1, 9, 1, -7, -1, 1]],
 [834833, [1, 0, -10, -9, 0, 1]],
 [840508, [-2, 5, 5, -6, -1, 1]],
 [844417, [5, 11, -1, -8, -1, 1]],
 [847469, [-1, 4, 4, -6, -1, 1]],
 [853137, [3, 10, 1, -7, -1, 1]],
 [853669, [-1, 1, 8, -5, -2, 1]],
 [859349, [-2, 5, 4, -6, -1, 1]],
 [859781, [3, 10, -6, -11, -1, 1]],
 [860837, [2, 5, -3, -10, 0, 1]],
 [862769, [1, 5, -3, -8, -1, 1]],
 [863825, [-9, 8, 9, -6, -2, 1]],
 [864772, [-1, 4, 5, -5, -2, 1]],
 [864824, [6, 16, 3, -8, -1, 1]],
 [866033, [-3, 1, 9, -5, -2, 1]],
 [866457, [-11, 23, 4, -11, -1, 1]],
 [867696, [-4, 3, 8, -5, -2, 1]],
 [868097, [1, 11, 4, -7, -1, 1]],
 [869101, [12, 26, 3, -10, -1, 1]],
 [874817, [-1, 5, 7, -5, -2, 1]],
 [876604, [-16, 18, 8, -9, -1, 1]],
 [877601, [-3, -1, 13, -8, -1, 1]],
 [885424, [-2, 1, 8, -5, -2, 1]],
 [887108, [-9, 6, 13, -7, -2, 1]],
 [888176, [-2, 3, 6, -5, -2, 1]],
 [890977, [1, 4, -2, -7, 0, 1]],
 [893881, [-1, 5, 3, -6, -1, 1]],
 [896581, [1, 6, 4, -6, -2, 1]],
 [897088, [-5, 13, 4, -8, -1, 1]],
 [897357, [-1, 6, 4, -6, -1, 1]],
 [897852, [-5, 9, 9, -6, -2, 1]],
 [899529, [-3, 3, 7, -5, -2, 1]],
 [903377, [-5, 2, 12, -7, -2, 1]],
 [904469, [-4, 7, 8, -7, -2, 1]],
 [904793, [2, 11, 2, -7, -1, 1]],
 [905337, [-1, 7, -1, -8, -1, 1]],
 [909152, [-4, 12, 4, -9, -2, 1]],
 [909225, [-1, 2, 8, -5, -2, 1]],
 [919301, [-4, 9, 7, -6, -2, 1]],
 [919504, [4, 9, -2, -7, 0, 1]],
 [920453, [-1, 3, 4, -6, -2, 1]],
 [923337, [3, 12, 8, -7, -2, 1]],
 [923521, [-5, 1, 21, -12, -1, 1]],
 [926392, [2, 6, -1, -7, 0, 1]],
 [928652, [-24, 20, 15, -9, -2, 1]],
 [931233, [3, 24, -1, -10, 0, 1]],
 [932117, [-1, 1, 13, -8, -2, 1]],
 [934448, [-6, -10, 24, -9, -2, 1]],
 [935504, [2, 8, 4, -8, -1, 1]],
 [936324, [2, 10, 4, -7, -1, 1]],
 [936505, [5, 10, -2, -9, 0, 1]],
 [936664, [-2, 2, 7, -5, -2, 1]],
 [937217, [-3, 2, 8, -5, -2, 1]],
 [939069, [2, 9, 5, -6, -2, 1]],
 [939832, [-5, 6, 8, -7, -1, 1]],
 [940784, [-4, 4, 12, -7, -2, 1]],
 [941633, [-7, 13, 9, -7, -2, 1]],
 [942577, [-3, 5, 8, -7, -1, 1]],
 [945124, [4, 16, 10, -9, -2, 1]],
 [949576, [4, 18, 3, -9, -1, 1]],
 [951305, [-1, 14, 1, -9, -1, 1]],
 [954409, [2, 7, -4, -9, -1, 1]],
 [958952, [-1, -4, 16, -9, -1, 1]],
 [961237, [-1, 0, 12, -6, -2, 1]],
 [961616, [-2, 8, 0, -8, -1, 1]],
 [962276, [-1, 2, 7, -5, -2, 1]],
 [963269, [-3, 10, 8, -6, -2, 1]],
 [968329, [1, 9, 3, -7, -2, 1]],
 [970448, [-1, 5, 4, -6, -1, 1]],
 [973904, [6, 19, 6, -8, -2, 1]],
 [974241, [3, 11, -2, -9, -1, 1]],
 [976513, [-3, 5, 5, -8, -1, 1]],
 [977989, [-4, 3, 9, -7, -1, 1]],
 [978400, [2, 14, 6, -7, -2, 1]],
 [979985, [1, 7, 9, -7, -2, 1]],
 [981328, [2, 10, 6, -6, -2, 1]],
 [981488, [-4, 8, 8, -10, -1, 1]],
 [981857, [-3, 16, 11, -8, -2, 1]],
 [982524, [-1, 8, 6, -7, -1, 1]],
 [983729, [3, 14, 8, -7, -2, 1]],
 [984016, [-10, 8, 10, -6, -2, 1]],
 [989561, [-5, 8, 7, -7, -1, 1]],
 [990009, [9, 25, 7, -9, -2, 1]],
 [994965, [4, 15, 4, -8, -1, 1]],
 [996752, [-5, 11, 5, -7, -1, 1]],
 [998068, [-2, 3, 10, -6, -2, 1]],
 [998761, [2, 9, 4, -7, -1, 1]],
 [1002413, [-1, -1, 10, -8, -2, 1]],
 [1003541, [-1, 3, 6, -5, -2, 1]],
 [1004368, [-1, 13, 6, -8, -1, 1]],
 [1006192, [2, 8, 3, -9, -1, 1]],
 [1007137, [-2, 1, 9, -5, -2, 1]],
 [1013613, [-3, 6, 10, -6, -2, 1]],
 [1015537, [-7, -3, 17, -7, -2, 1]],
 [1015569, [3, 7, -3, -7, 0, 1]],
 [1019601, [7, 24, -1, -10, 0, 1]],
 [1020732, [-2, 6, 1, -8, -1, 1]],
 [1021221, [1, 4, -7, -10, -1, 1]],
 [1024469, [8, 19, 1, -9, -1, 1]],
 [1024636, [-8, 20, 6, -10, -1, 1]],
 [1025428, [-2, 13, 0, -8, 0, 1]],
 [1026208, [-2, 2, 9, -7, -1, 1]],
 [1027081, [1, 5, 0, -7, -1, 1]],
 [1030257, [-1, 7, -4, -11, -1, 1]],
 [1031001, [-27, 18, 16, -9, -2, 1]],
 [1032140, [5, 15, 7, -8, -2, 1]],
 [1033709, [-4, 11, 5, -7, -1, 1]],
 [1034192, [-2, -4, 14, -6, -2, 1]],
 [1034533, [4, 9, -1, -8, 0, 1]],
 [1034856, [-7, 17, 11, -8, -2, 1]],
 [1042064, [-2, 5, 6, -5, -2, 1]],
 [1042573, [-1, 5, 7, -6, -2, 1]],
 [1047297, [7, 13, -3, -9, 0, 1]],
 [1048413, [-16, 16, 13, -9, -2, 1]],
 [1049285, [-3, 14, 0, -8, 0, 1]],
 [1049368, [-8, 13, 7, -8, -1, 1]],
 [1052233, [-1, 10, 5, -7, -1, 1]],
 [1052869, [5, 17, 3, -9, -1, 1]],
 [1054012, [-1, 4, 2, -7, -1, 1]],
 [1054013, [-2, 1, 9, -7, -1, 1]],
 [1055664, [-3, 7, 7, -7, -1, 1]],
 [1059969, [-3, 6, 4, -7, -2, 1]],
 [1060109, [-1, 5, 6, -5, -2, 1]],
 [1060708, [-17, 10, 13, -7, -2, 1]],
 [1062137, [9, 18, -5, -10, 0, 1]],
 [1063256, [-8, 8, 9, -8, -1, 1]],
 [1064209, [-1, 1, 8, -7, -1, 1]],
 [1068297, [13, 19, -3, -9, 0, 1]],
 [1068321, [-3, 12, -1, -8, 0, 1]],
 [1069765, [23, 28, -4, -12, -1, 1]],
 [1070705, [1, 7, 0, -7, -1, 1]],
 [1076753, [-3, 5, 5, -7, -2, 1]],
 [1077104, [2, 9, -4, -9, 0, 1]],
 [1077273, [-3, 9, 6, -7, -1, 1]],
 [1079897, [-3, 4, 7, -9, -1, 1]],
 [1080804, [-6, 6, 8, -7, -1, 1]],
 [1080932, [-2, 8, -2, -9, 0, 1]],
 [1083633, [7, 15, 1, -8, -1, 1]],
 [1088761, [3, 11, 2, -7, -1, 1]],
 [1090077, [3, 9, -2, -7, 0, 1]],
 [1090433, [-1, 3, 7, -5, -2, 1]],
 [1093637, [1, 12, 6, -8, -1, 1]],
 [1094224, [8, 30, 10, -10, -2, 1]],
 [1094497, [-3, 5, 7, -5, -2, 1]],
 [1095497, [-3, 11, 4, -7, -1, 1]],
 [1095904, [-14, 6, 14, -7, -2, 1]],
 [1096132, [25, 26, -7, -11, 0, 1]],
 [1096517, [5, 22, 6, -10, -1, 1]],
 [1097617, [-3, 2, 9, -7, -1, 1]],
 [1101476, [1, 6, -3, -7, 0, 1]],
 [1102709, [7, 16, 2, -8, -1, 1]],
 [1104464, [6, 16, 4, -8, -2, 1]],
 [1104585, [-1, 4, 10, -7, -2, 1]],
 [1107424, [-2, 4, 6, -5, -2, 1]],
 [1109184, [-2, 7, 0, -7, 0, 1]],
 [1109252, [-13, 4, 15, -7, -2, 1]],
 [1109369, [-3, 4, 8, -5, -2, 1]],
 [1111577, [-4, 8, 5, -10, -1, 1]],
 [1112781, [1, 17, 3, -9, -1, 1]],
 [1114432, [-2, -1, 16, -8, -2, 1]],
 [1114969, [-1, 4, 6, -5, -2, 1]],
 [1118417, [-1, -8, 18, -7, -2, 1]],
 [1118857, [-2, 5, 7, -5, -2, 1]],
 [1119649, [1, 10, 7, -6, -2, 1]],
 [1121288, [3, 13, -1, -8, 0, 1]],
 [1122097, [1, 17, -1, -9, 0, 1]],
 [1122461, [9, 24, 2, -10, -1, 1]],
 [1122797, [-8, 19, 7, -9, -1, 1]],
 [1123541, [6, 13, 0, -8, -1, 1]],
 [1124569, [5, 13, 3, -8, -1, 1]],
 [1124761, [-5, 9, 4, -7, -1, 1]],
 [1125317, [3, 8, -2, -8, -1, 1]],
 [1128548, [4, 20, 4, -9, -1, 1]],
 [1129264, [-10, 3, 14, -7, -2, 1]],
 [1130073, [-3, 6, 5, -6, -2, 1]],
 [1130981, [-7, 8, 8, -6, -2, 1]],
 [1132684, [14, 22, -1, -10, -1, 1]],
 [1140584, [-6, 14, -1, -9, 0, 1]],
 [1141637, [4, 15, -2, -9, 0, 1]],
 [1141853, [1, 12, 4, -8, -1, 1]],
 [1143052, [-4, 6, 11, -9, -1, 1]],
 [1143232, [4, 15, 6, -7, -2, 1]],
 [1150252, [-2, 10, 7, -6, -2, 1]],
 [1154256, [3, 9, 2, -8, -1, 1]],
 [1155992, [-7, 10, 6, -7, -1, 1]],
 [1158349, [-9, 8, 10, -6, -2, 1]],
 [1160377, [-1, 3, 4, -7, -1, 1]],
 [1160581, [-7, 17, -2, -10, 0, 1]],
 [1161976, [-4, 6, 10, -7, -2, 1]],
 [1170969, [-1, 10, 0, -7, 0, 1]],
 [1172057, [2, 5, -3, -11, -2, 1]],
 [1172304, [3, 13, -2, -10, -1, 1]],
 [1173049, [-1, 3, 8, -7, -1, 1]],
 [1173493, [1, 16, 4, -8, -1, 1]],
 [1174809, [-3, 9, 1, -8, -1, 1]],
 [1175201, [1, 8, 5, -7, -1, 1]],
 [1175368, [-4, 4, 9, -6, -2, 1]],
 [1182385, [-7, 9, 6, -7, -1, 1]],
 [1182913, [-23, 23, 9, -10, -1, 1]],
 [1186628, [1, 10, 9, -7, -2, 1]],
 [1189809, [-7, 8, 7, -7, -1, 1]],
 [1190005, [1, 19, 8, -8, -2, 1]],
 [1192252, [-14, 8, 15, -9, -2, 1]],
 [1192676, [-3, 4, 7, -5, -2, 1]],
 [1192784, [-18, 12, 14, -8, -2, 1]],
 [1194649, [4, 10, -3, -8, 0, 1]],
 [1197392, [-2, 14, 6, -8, -2, 1]],
 [1206385, [-5, 0, 13, -6, -2, 1]],
 [1206436, [-23, 18, 13, -9, -2, 1]],
 [1207552, [-2, -3, 20, -10, -2, 1]],
 [1213233, [-15, 18, 7, -9, -1, 1]],
 [1216489, [-16, 9, 13, -7, -2, 1]],
 [1216940, [-9, 13, 13, -8, -2, 1]],
 [1217869, [-1, 6, -4, -10, -1, 1]],
 [1219289, [2, -13, 23, -9, -2, 1]],
 [1219697, [1, 8, -2, -7, 0, 1]],
 [1219961, [-5, 4, 11, -9, -1, 1]],
 [1220108, [5, 18, 4, -9, -1, 1]],
 [1220776, [4, 12, -1, -8, 0, 1]],
 [1222393, [-8, 10, 7, -8, -1, 1]],
 [1222953, [11, 23, 3, -10, -1, 1]],
 [1224176, [-2, 2, 8, -5, -2, 1]],
 [1226468, [5, 12, -5, -9, 0, 1]],
 [1229101, [-1, 9, 4, -7, -2, 1]],
 [1231481, [1, 5, -3, -7, 0, 1]],
 [1233124, [-1, 6, -1, -7, 0, 1]],
 [1236589, [-2, 5, 3, -7, -1, 1]],
 [1237484, [1, -9, 19, -8, -2, 1]],
 [1237788, [3, 15, 9, -8, -2, 1]],
 [1237840, [2, 7, 2, -8, -2, 1]],
 [1238524, [-4, 16, 11, -8, -2, 1]],
 [1239376, [-13, 15, 12, -10, -1, 1]],
 [1240016, [6, 16, 2, -8, -1, 1]],
 [1241797, [-1, 4, 10, -8, -1, 1]],
 [1242056, [-1, 9, -3, -8, 0, 1]],
 [1242937, [-10, 11, 9, -7, -2, 1]],
 [1243969, [-4, 6, 9, -6, -2, 1]],
 [1244416, [4, 14, 4, -8, -2, 1]],
 [1244696, [2, 6, -3, -7, 0, 1]],
 [1246193, [-1, 8, 5, -6, -2, 1]],
 [1247797, [1, 4, -6, -8, 0, 1]],
 [1248437, [-1, 16, 7, -10, -1, 1]],
 [1250560, [5, 15, -2, -10, -1, 1]],
 [1254593, [-13, 8, 13, -9, -1, 1]],
 [1255209, [-9, 9, 11, -7, -2, 1]],
 [1255217, [-5, 11, 7, -7, -2, 1]],
 [1255413, [-6, 9, 5, -7, -1, 1]],
 [1255781, [1, 6, 5, -8, -1, 1]],
 [1256144, [4, 10, -2, -8, 0, 1]],
 [1256149, [1, 7, 4, -6, -2, 1]],
 [1257629, [-18, 17, 9, -9, -1, 1]],
 [1258160, [10, 20, 1, -9, -1, 1]],
 [1260357, [-3, 3, 8, -5, -2, 1]],
 [1261912, [-4, 4, 9, -8, -1, 1]],
 [1262308, [1, 2, -9, -9, 0, 1]],
 [1262392, [-2, 6, 3, -7, -2, 1]],
 [1262597, [-7, 7, 8, -6, -2, 1]],
 [1264037, [4, 9, -1, -9, -1, 1]],
 [1264285, [8, 13, -3, -8, 0, 1]],
 [1269024, [-6, 12, 10, -7, -2, 1]],
 [1270517, [-8, 13, 5, -9, -1, 1]],
 [1271932, [-2, 10, 1, -8, -1, 1]],
 [1276657, [-5, 8, 7, -6, -2, 1]],
 [1277989, [1, 4, -2, -8, -1, 1]],
 [1278237, [-1, 3, 8, -8, -2, 1]],
 [1279552, [2, -14, 26, -12, -1, 1]],
 [1280356, [-2, 6, 2, -7, -1, 1]],
 [1280592, [-15, 7, 16, -10, -1, 1]],
 [1280720, [1, 9, 6, -8, -1, 1]],
 [1281281, [-2, 3, 7, -5, -2, 1]],
 [1284160, [-4, 7, 6, -6, -2, 1]],
 [1284336, [4, 16, 10, -11, -2, 1]],
 [1284557, [-1, 6, -1, -8, -1, 1]],
 [1284944, [-3, 1, 12, -8, -1, 1]],
 [1286233, [-11, 14, 13, -8, -2, 1]],
 [1287152, [7, 15, -1, -9, -1, 1]],
 [1288228, [-4, 0, 14, -9, -1, 1]],
 [1290764, [-1, -3, 13, -6, -2, 1]],
 [1291856, [-2, 28, 12, -10, -2, 1]],
 [1293969, [3, 9, -1, -7, 0, 1]],
 [1296549, [-12, 10, 11, -7, -2, 1]],
 [1297361, [3, 13, 5, -8, -1, 1]],
 [1302820, [-5, 10, 7, -7, -2, 1]],
 [1304525, [-4, 9, 2, -8, -1, 1]],
 [1304717, [-2, 3, 6, -8, -1, 1]],
 [1305149, [-3, 8, 6, -6, -2, 1]],
 [1306069, [1, 3, -4, -8, 0, 1]],
 [1308313, [-4, 7, 9, -8, -1, 1]],
 [1310617, [1, 14, -1, -8, 0, 1]],
 [1311433, [1, 7, 7, -8, -1, 1]],
 [1312001, [-1, 2, 11, -6, -2, 1]],
 [1312736, [-14, 22, 11, -11, -1, 1]],
 [1315825, [1, 9, 7, -9, -2, 1]],
 [1318504, [1, -11, 21, -8, -2, 1]],
 [1319641, [3, 11, 5, -8, -1, 1]],
 [1324924, [-23, 10, 19, -9, -2, 1]],
 [1326492, [3, 7, -9, -10, 0, 1]],
 [1330333, [1, -13, 22, -8, -2, 1]],
 [1331509, [-2, 7, -1, -8, 0, 1]],
 [1336929, [11, 14, -11, -12, 0, 1]],
 [1337792, [-2, 9, 0, -7, 0, 1]],
 [1338725, [-3, 5, 9, -6, -2, 1]],
 [1340365, [-2, 7, -1, -10, 0, 1]],
 [1341292, [-1, 0, 13, -7, -2, 1]],
 [1341952, [-2, 13, 12, -8, -2, 1]],
 [1342329, [3, 8, -2, -7, 0, 1]],
 [1343261, [2, 5, -5, -9, -1, 1]],
 [1343312, [-1, -1, 12, -8, -1, 1]],
 [1343817, [-27, 16, 16, -9, -2, 1]],
 [1343984, [-2, 9, 12, -9, -2, 1]],
 [1349557, [5, 16, 6, -11, -1, 1]],
 [1355937, [11, 19, -3, -9, 0, 1]],
 [1358209, [1, 5, -1, -7, 0, 1]],
 [1359389, [1, 3, -6, -8, 0, 1]],
 [1361657, [-1, 6, -3, -8, 0, 1]],
 [1362617, [13, 18, -4, -9, 0, 1]],
 [1362781, [-25, 21, 21, -12, -2, 1]],
 [1363777, [-1, 9, 2, -7, -1, 1]],
 [1364413, [2, 9, 1, -7, -1, 1]],
 [1365545, [-5, 5, 8, -7, -1, 1]],
 [1366705, [-1, 7, -6, -11, -1, 1]],
 [1370416, [4, 12, 2, -10, -2, 1]],
 [1370705, [-1, 15, 5, -8, -1, 1]],
 [1372141, [-4, 10, 3, -8, -1, 1]],
 [1374216, [-8, 8, 9, -7, -2, 1]],
 [1378001, [-8, 23, 7, -10, -1, 1]],
 [1378801, [-13, 8, 12, -7, -2, 1]],
 [1383597, [-15, 7, 14, -7, -2, 1]],
 [1385549, [3, 16, 3, -8, -1, 1]],
 [1387436, [8, 12, -5, -9, 0, 1]],
 [1387649, [-19, 17, 10, -9, -1, 1]],
 [1390064, [2, 11, 4, -7, -2, 1]],
 [1391881, [7, 18, 5, -8, -2, 1]],
 [1392629, [-1, 9, 16, -9, -2, 1]],
 [1395536, [6, 16, 6, -8, -2, 1]],
 [1396400, [6, 20, 3, -9, -1, 1]],
 [1398773, [-2, 25, 5, -11, -1, 1]],
 [1401440, [18, 30, 1, -11, -1, 1]],
 [1404537, [1, 6, 3, -7, -1, 1]],
 [1407269, [1, 0, -12, -10, 0, 1]],
 [1409269, [5, 14, -2, -8, 0, 1]],
 [1410017, [1, 7, 9, -10, -1, 1]],
 [1410969, [-3, -3, 16, -9, -1, 1]],
 [1412613, [3, 12, 6, -9, -1, 1]],
 [1412944, [-2, -2, 18, -8, -2, 1]],
 [1413764, [-2, 8, 2, -7, -1, 1]],
 [1415969, [1, 4, -5, -9, -1, 1]]]
