[[300125, [-1, -2, 7, 2, -7, -1, 1]],
 [371293, [-1, -3, 6, 4, -5, -1, 1]],
 [434581, [-1, -2, 4, 5, -4, -2, 1]],
 [453789, [1, -8, 8, 6, -6, -1, 1]],
 [485125, [1, -5, 2, 8, -4, -2, 1]],
 [592661, [-1, -2, 5, 4, -5, -1, 1]],
 [703493, [1, -9, 2, 11, -5, -2, 1]],
 [722000, [1, -5, 4, 7, -6, -1, 1]],
 [810448, [1, -5, 0, 9, -2, -3, 1]],
 [820125, [-1, 3, 9, -4, -9, 0, 1]],
 [905177, [-1, -9, 7, 9, -7, -1, 1]],
 [966125, [-1, 0, 8, 4, -6, -1, 1]],
 [980125, [-1, -5, 7, 6, -6, -1, 1]],
 [1075648, [-7, 0, 14, 0, -7, 0, 1]],
 [1081856, [-1, 2, 7, -2, -6, 0, 1]],
 [1134389, [-1, -3, 4, 6, -4, -2, 1]],
 [1202933, [-1, 1, 6, -2, -6, 0, 1]],
 [1229312, [-8, 0, 24, 0, -10, 0, 1]],
 [1241125, [1, 7, 11, -2, -7, 0, 1]],
 [1259712, [-3, 0, 9, 0, -6, 0, 1]],
 [1279733, [-1, -11, 10, 10, -6, -2, 1]],
 [1292517, [-1, 0, 6, -1, -6, 0, 1]],
 [1312625, [-1, -12, 12, 7, -7, -1, 1]],
 [1387029, [1, -4, -1, 9, -2, -3, 1]],
 [1397493, [1, -6, 3, 10, -3, -3, 1]],
 [1416125, [1, -9, 6, 9, -5, -2, 1]],
 [1528713, [-1, -3, 3, 7, -3, -3, 1]],
 [1541581, [-1, 1, 9, 2, -6, -1, 1]],
 [1683101, [-7, -14, 7, 13, -4, -3, 1]],
 [1767625, [-1, 1, 11, -1, -7, 0, 1]],
 [1868969, [-2, 1, 8, -1, -6, 0, 1]],
 [1922000, [1, 7, 12, -1, -8, -1, 1]],
 [1995125, [-1, 1, 12, 6, -6, -2, 1]],
 [1997632, [-13, 0, 19, 0, -8, 0, 1]],
 [2115281, [-8, -4, 16, 5, -8, -1, 1]],
 [2235125, [-1, 3, 12, 2, -7, -1, 1]],
 [2249737, [-8, -8, 14, 9, -7, -2, 1]],
 [2286997, [-5, -1, 13, 0, -7, 0, 1]],
 [2323397, [-1, -1, 8, 0, -6, 0, 1]],
 [2415125, [-11, -4, 19, 5, -8, -1, 1]],
 [2460365, [1, -7, 7, 6, -6, -1, 1]],
 [2495261, [1, -6, 6, 6, -6, -1, 1]],
 [2501557, [-3, -2, 9, 3, -6, -1, 1]],
 [2540864, [2, 10, 12, -4, -8, 0, 1]],
 [2565429, [-1, 2, 8, -1, -6, 0, 1]],
 [2591125, [1, -9, 10, 6, -7, -1, 1]],
 [2623625, [-4, -6, 13, 5, -7, -1, 1]],
 [2624293, [-7, -14, 21, 8, -9, -1, 1]],
 [2661761, [-1, -1, 9, 3, -6, -1, 1]],
 [2666432, [-1, -2, 7, 4, -6, -2, 1]],
 [2737625, [4, -14, 7, 11, -6, -2, 1]],
 [2738000, [-5, 5, 14, -7, -10, 1, 1]],
 [2782261, [-3, -7, 7, 8, -5, -2, 1]],
 [2803712, [-2, 0, 8, 0, -6, 0, 1]],
 [2806769, [-13, -19, 11, 15, -5, -3, 1]],
 [2812877, [-1, 5, 10, -3, -7, 0, 1]],
 [2847089, [-2, -3, 6, 6, -5, -2, 1]],
 [2847312, [1, -5, 2, 11, -8, -1, 1]],
 [2850125, [1, -17, 12, 12, -9, -1, 1]],
 [2854789, [-13, -20, 11, 17, -6, -3, 1]],
 [2908477, [-5, -6, 11, 6, -7, -1, 1]],
 [2936696, [-1, -5, 7, 7, -5, -2, 1]],
 [2990117, [-1, -2, 7, 5, -6, -1, 1]],
 [3022625, [-1, 4, 17, 7, -7, -2, 1]],
 [3027661, [-13, -1, 24, 7, -9, -2, 1]],
 [3072812, [-2, -2, 7, 4, -6, -1, 1]],
 [3081125, [-5, -10, 16, 6, -8, -1, 1]],
 [3086597, [-1, -3, 9, 4, -6, -1, 1]],
 [3094889, [-7, -21, 14, 15, -8, -2, 1]],
 [3151861, [-1, -2, 5, 5, -6, -1, 1]],
 [3162625, [4, -14, 9, 10, -8, -1, 1]],
 [3184733, [1, -5, 0, 11, -5, -2, 1]],
 [3195392, [1, -4, 0, 10, -5, -2, 1]],
 [3195392, [-2, 0, 12, 0, -7, 0, 1]],
 [3296573, [-13, -15, 17, 14, -9, -2, 1]],
 [3319769, [-4, 3, 13, -1, -7, 0, 1]],
 [3356224, [-1, 0, 8, 0, -6, 0, 1]],
 [3359232, [-8, 0, 36, 0, -12, 0, 1]],
 [3389609, [-2, -7, 5, 9, -5, -2, 1]],
 [3418281, [-1, 12, 18, -4, -9, 0, 1]],
 [3438125, [5, -15, 6, 12, -6, -2, 1]],
 [3455125, [1, -8, 12, 4, -8, -1, 1]],
 [3477989, [-1, -1, 10, -1, -7, 0, 1]],
 [3486377, [-1, 1, 7, -1, -6, 0, 1]],
 [3512000, [-1, -3, 11, 4, -7, -1, 1]],
 [3527069, [-13, 3, 29, 4, -10, -1, 1]],
 [3549501, [-3, 9, 12, -7, -9, 0, 1]],
 [3570125, [-5, 10, 19, -13, -12, 1, 1]],
 [3662336, [-1, -8, 4, 10, -5, -2, 1]],
 [3697873, [-1, 4, 12, -1, -7, 0, 1]],
 [3706688, [-1, 2, 6, -4, -7, 0, 1]],
 [3728437, [-1, -3, 7, 6, -5, -2, 1]],
 [3728753, [-13, -18, 22, 11, -10, -1, 1]],
 [3822093, [-1, 0, 7, 3, -6, -1, 1]],
 [3829849, [1, -3, -5, 15, -6, -2, 1]],
 [3916917, [-3, 0, 18, 12, -6, -3, 1]],
 [3928381, [-1, 0, 8, 2, -6, -1, 1]],
 [4016873, [-13, -11, 30, 13, -10, -2, 1]],
 [4022000, [-4, -8, 14, 10, -7, -2, 1]],
 [4086536, [1, -7, 5, 9, -5, -2, 1]],
 [4125937, [-2, -7, 12, 5, -7, -1, 1]],
 [4126869, [-1, 15, 18, -5, -9, 0, 1]],
 [4141568, [8, -24, 9, 14, -7, -2, 1]],
 [4148928, [1, 16, 23, -18, -12, 2, 1]],
 [4170688, [-1, 6, 12, -2, -7, 0, 1]],
 [4181517, [-1, -3, 5, 6, -6, -1, 1]],
 [4218557, [-13, -25, 16, 20, -10, -2, 1]],
 [4222000, [1, -8, 8, 10, -6, -2, 1]],
 [4224413, [-1, 0, 9, 3, -6, -1, 1]],
 [4227136, [-1, 0, 7, 0, -6, 0, 1]],
 [4254689, [-8, -5, 14, 5, -7, -1, 1]],
 [4274669, [-1, -1, 7, 2, -6, -1, 1]],
 [4284928, [-1, -4, 6, 6, -5, -2, 1]],
 [4305125, [-1, 13, 19, -4, -9, 0, 1]],
 [4308028, [-2, -2, 9, 4, -6, -1, 1]],
 [4383253, [-1, -3, 10, 0, -8, 0, 1]],
 [4418000, [-5, -15, 9, 14, -5, -3, 1]],
 [4418197, [-1, 3, 12, -1, -7, 0, 1]],
 [4443861, [1, -5, 0, 12, -6, -2, 1]],
 [4448597, [1, -5, 3, 8, -5, -2, 1]],
 [4456256, [-29, 0, 31, 0, -10, 0, 1]],
 [4462625, [-1, 6, 18, 5, -9, -1, 1]],
 [4507648, [-1, -6, 7, 8, -5, -2, 1]],
 [4537077, [1, 7, 11, -6, -9, 0, 1]],
 [4588625, [5, 20, 19, -5, -9, 0, 1]],
 [4601153, [-1, -4, 4, 9, -5, -2, 1]],
 [4642000, [-1, -9, 14, 5, -8, -1, 1]],
 [4667249, [1, -8, 2, 11, -3, -3, 1]],
 [4733829, [-3, -3, 9, 4, -6, -1, 1]],
 [4755281, [-2, -3, 7, 5, -6, -1, 1]],
 [4758548, [-1, -4, 8, 5, -6, -1, 1]],
 [4778125, [-1, -3, 10, 10, -5, -3, 1]],
 [4820125, [1, 8, 17, 2, -9, -1, 1]],
 [4823921, [-4, 1, 14, 3, -7, -1, 1]],
 [4824572, [2, -12, 11, 7, -7, -1, 1]],
 [4829696, [2, -8, 3, 10, -5, -2, 1]],
 [4838537, [-1, 3, 13, 3, -7, -1, 1]],
 [4840784, [-1, -1, 6, 3, -6, -1, 1]],
 [4847625, [-4, 2, 17, 4, -8, -1, 1]],
 [4851125, [1, -10, 3, 13, -4, -3, 1]],
 [4905125, [-1, -1, 13, 2, -8, -1, 1]],
 [4918997, [-1, -4, 3, 8, -3, -3, 1]],
 [4950125, [5, -25, 14, 14, -8, -2, 1]],
 [4966677, [-3, 9, 21, -2, -9, 0, 1]],
 [5030996, [-2, -8, 6, 9, -5, -2, 1]],
 [5061125, [-5, -10, 9, 14, -5, -3, 1]],
 [5061656, [-4, 0, 13, 3, -7, -1, 1]],
 [5090861, [-1, -1, 7, 6, -5, -2, 1]],
 [5101781, [-1, -4, 6, 6, -6, -1, 1]],
 [5160733, [1, -10, 11, 6, -7, -1, 1]],
 [5163008, [1, -6, 5, 8, -5, -2, 1]],
 [5173625, [1, -7, 10, 8, -8, -1, 1]],
 [5192000, [1, -13, 12, 9, -8, -1, 1]],
 [5224841, [-1, -2, 7, 7, -5, -2, 1]],
 [5274997, [-1, -16, 35, 9, -14, -1, 1]],
 [5279033, [-1, 1, 9, -4, -8, 0, 1]],
 [5344576, [-1, -2, 5, 6, -5, -2, 1]],
 [5398157, [-5, 1, 12, -1, -7, 0, 1]],
 [5402093, [-1, -3, 4, 8, -7, -1, 1]],
 [5431612, [2, -8, 5, 9, -6, -2, 1]],
 [5431808, [1, 6, 7, -6, -8, 0, 1]],
 [5476681, [-8, -44, 32, 19, -11, -2, 1]],
 [5489889, [-2, -1, 9, 3, -6, -1, 1]],
 [5516125, [-9, -3, 20, 6, -9, -1, 1]],
 [5611169, [-2, 3, 9, -3, -7, 0, 1]],
 [5625337, [1, -7, 10, 5, -7, -1, 1]],
 [5652625, [1, 9, 21, 7, -8, -2, 1]],
 [5689408, [-1, 4, 11, -2, -7, 0, 1]],
 [5691125, [-1, 4, 16, -1, -8, 0, 1]],
 [5695040, [-1, 0, 7, -2, -7, 0, 1]],
 [5699033, [-4, -3, 12, 7, -6, -2, 1]],
 [5740564, [-1, -2, 8, 3, -6, -1, 1]],
 [5745593, [-29, -31, 21, 19, -7, -3, 1]],
 [5748973, [-1, -4, 8, 4, -6, -1, 1]],
 [5758036, [-2, 2, 8, -3, -7, 0, 1]],
 [5822000, [-1, 1, 14, 5, -8, -1, 1]],
 [5861477, [1, -7, 3, 10, -5, -2, 1]],
 [5869904, [-2, -3, 9, 4, -6, -1, 1]],
 [5888125, [1, -8, 4, 16, -6, -3, 1]],
 [5892176, [-1, -3, 4, 7, -4, -3, 1]],
 [5911461, [-9, -18, 9, 17, -6, -3, 1]],
 [5926169, [-2, -3, 7, 7, -5, -2, 1]],
 [5947904, [-7, 2, 15, -2, -8, 0, 1]],
 [5953625, [1, 12, 20, 1, -9, -1, 1]],
 [5972789, [-1, -1, 7, 0, -7, 0, 1]],
 [6018905, [2, -9, 8, 7, -7, -1, 1]],
 [6025625, [-5, -10, 16, 9, -9, -1, 1]],
 [6052921, [-27, -9, 33, 7, -11, -1, 1]],
 [6067408, [5, -19, 14, 9, -8, -1, 1]],
 [6084425, [-7, -5, 13, 5, -7, -1, 1]],
 [6120149, [-29, -15, 33, 10, -12, -1, 1]],
 [6127252, [-2, -4, 8, 5, -6, -1, 1]],
 [6139004, [-1, 1, 7, -3, -7, 0, 1]],
 [6148961, [-29, -16, 32, 12, -11, -2, 1]],
 [6155024, [-2, -8, 2, 11, -3, -3, 1]],
 [6231125, [-5, 0, 21, 12, -7, -3, 1]],
 [6241669, [1, -5, 2, 12, -6, -2, 1]],
 [6273133, [-1, -3, 4, 7, -5, -2, 1]],
 [6293081, [1, -5, 1, 9, -3, -3, 1]],
 [6300224, [-41, 0, 38, 0, -11, 0, 1]],
 [6356125, [5, -15, 4, 14, -5, -3, 1]],
 [6357609, [-8, 0, 18, -1, -9, 0, 1]],
 [6369853, [-27, -18, 30, 13, -10, -2, 1]],
 [6417872, [1, -9, 4, 13, -6, -3, 1]],
 [6456289, [-29, 6, 40, 3, -12, -1, 1]],
 [6460157, [-5, -8, 13, 6, -7, -1, 1]],
 [6550837, [-5, -9, 17, 6, -8, -1, 1]],
 [6554149, [-5, -4, 13, 4, -7, -1, 1]],
 [6555125, [-1, 4, 16, -4, -12, 0, 1]],
 [6557081, [-2, -3, 8, 5, -6, -2, 1]],
 [6607192, [1, -4, -1, 11, -3, -3, 1]],
 [6607552, [-43, 0, 41, 0, -12, 0, 1]],
 [6609217, [-2, 3, 13, 2, -7, -1, 1]],
 [6619648, [-7, 6, 17, -2, -8, 0, 1]],
 [6637568, [7, -22, 5, 16, -7, -2, 1]],
 [6645125, [-1, 10, 24, 6, -9, -2, 1]],
 [6647625, [-4, -14, 17, 11, -8, -2, 1]],
 [6658000, [4, 20, 20, -6, -10, 0, 1]],
 [6662000, [-4, 8, 22, 2, -9, -1, 1]],
 [6697472, [-4, -4, 13, 10, -7, -2, 1]],
 [6701125, [-1, 2, 17, 1, -10, -1, 1]],
 [6741125, [1, 16, 23, -1, -10, -1, 1]],
 [6751269, [1, 30, 36, -5, -12, 0, 1]],
 [6754013, [-29, -9, 39, 12, -11, -2, 1]],
 [6754732, [2, 12, 15, -3, -8, 0, 1]],
 [6782000, [4, -24, 18, 10, -9, -1, 1]],
 [6799312, [-1, -5, 8, 5, -6, -1, 1]],
 [6848593, [-4, -10, 5, 12, -4, -3, 1]],
 [6856697, [-2, -7, 3, 10, -3, -3, 1]],
 [6869477, [1, -7, 5, 8, -5, -2, 1]],
 [6955589, [3, -11, 3, 12, -4, -3, 1]],
 [6968756, [-2, 4, 12, -1, -7, 0, 1]],
 [6995813, [-1, -1, 7, 4, -6, -1, 1]],
 [6999257, [-1, 1, 11, 7, -6, -2, 1]],
 [7009280, [-5, 0, 13, 0, -7, 0, 1]],
 [7050937, [-2, 1, 8, -2, -7, 0, 1]],
 [7056125, [-1, -2, 16, 8, -10, -1, 1]],
 [7108233, [2, -7, 2, 11, -6, -2, 1]],
 [7109829, [1, 9, 17, 2, -8, -1, 1]],
 [7138368, [-17, 0, 24, 0, -9, 0, 1]],
 [7199341, [1, -8, 11, 6, -7, -1, 1]],
 [7229081, [-2, -5, 7, 7, -5, -2, 1]],
 [7281497, [-1, -2, 6, 7, -5, -2, 1]],
 [7291837, [-13, -58, 30, 25, -12, -2, 1]],
 [7294973, [-1, -5, 0, 16, -8, -2, 1]],
 [7310125, [-1, -6, 13, 7, -8, -1, 1]],
 [7313969, [-4, -1, 11, 2, -7, -1, 1]],
 [7319833, [-1, -4, 4, 9, -3, -3, 1]],
 [7328637, [-3, -18, 12, 16, -6, -3, 1]],
 [7330253, [-29, -22, 40, 10, -12, -1, 1]],
 [7342612, [1, -13, 4, 13, -6, -2, 1]],
 [7342625, [-1, 7, 19, -1, -9, 0, 1]],
 [7383296, [-4, -6, 11, 8, -6, -2, 1]],
 [7401125, [5, -20, 19, 7, -10, -1, 1]],
 [7432373, [-4, -2, 13, 4, -7, -1, 1]],
 [7442000, [1, 9, 22, 9, -8, -3, 1]],
 [7447360, [2, -10, 0, 14, -6, -2, 1]],
 [7454269, [-1, -2, 6, 4, -6, -1, 1]],
 [7459857, [-8, -12, 12, 13, -6, -3, 1]],
 [7465625, [-1, -8, 5, 15, -5, -3, 1]],
 [7520053, [-1, 2, 9, 1, -8, -1, 1]],
 [7522000, [-4, 16, 29, -2, -11, 0, 1]],
 [7526677, [-1, -2, 7, 3, -6, -1, 1]],
 [7563625, [-1, -12, 8, 13, -5, -3, 1]],
 [7563989, [-1, -3, 5, 6, -5, -2, 1]],
 [7568665, [-1, -1, 7, 1, -7, -1, 1]],
 [7599997, [1, -5, 2, 9, -5, -2, 1]],
 [7606541, [-7, -3, 14, 4, -7, -1, 1]],
 [7633856, [-1, -10, 7, 10, -6, -2, 1]],
 [7644496, [-1, -1, 8, 3, -8, -1, 1]],
 [7646825, [-1, 0, 10, 9, -7, -2, 1]],
 [7649984, [1, 16, 20, -4, -9, 0, 1]],
 [7674048, [-2, -6, 7, 8, -5, -2, 1]],
 [7693877, [-1, 1, 8, 0, -7, -1, 1]],
 [7711729, [-1, 0, 10, 0, -9, 0, 1]],
 [7718912, [-1, -2, 9, 4, -7, -2, 1]],
 [7735165, [-9, -1, 19, 4, -8, -1, 1]],
 [7742321, [5, -17, 5, 13, -6, -2, 1]],
 [7764889, [-4, -7, 10, 7, -7, -1, 1]],
 [7783241, [-1, -6, 5, 9, -5, -2, 1]],
 [7836289, [-4, -5, 10, 9, -6, -2, 1]],
 [7846061, [-2, -3, 8, 4, -6, -1, 1]],
 [7868077, [-41, -38, 27, 21, -8, -3, 1]],
 [7873625, [5, -20, 11, 13, -7, -2, 1]],
 [7885677, [-1, -3, 5, 8, -5, -2, 1]],
 [7905501, [-3, 3, 11, -2, -7, 0, 1]],
 [7923625, [1, -8, 10, 11, -9, -1, 1]],
 [7968125, [-1, -1, 14, 8, -9, -1, 1]],
 [7978176, [-19, 0, 24, 0, -9, 0, 1]],
 [7997584, [-2, -4, 12, 5, -7, -1, 1]],
 [8047141, [-1, -8, 3, 11, -4, -3, 1]],
 [8060672, [5, -16, 7, 14, -7, -2, 1]],
 [8086336, [-1, -4, 6, 8, -5, -2, 1]],
 [8098573, [-29, -37, 32, 19, -11, -2, 1]],
 [8142201, [-8, -12, 12, 15, -6, -3, 1]],
 [8215625, [5, 25, 25, -5, -10, 0, 1]],
 [8246037, [-3, -3, 10, 6, -7, -1, 1]],
 [8248384, [2, -6, -2, 14, -5, -3, 1]],
 [8252237, [-41, -8, 43, 6, -13, -1, 1]],
 [8256125, [-9, 6, 23, -5, -12, 1, 1]],
 [8256989, [1, -4, -1, 10, -3, -3, 1]],
 [8258753, [-17, 0, 25, 0, -10, 0, 1]],
 [8263504, [-1, -3, 4, 9, -8, -1, 1]],
 [8283692, [1, -6, 1, 11, -3, -3, 1]],
 [8284569, [-8, 7, 23, 2, -9, -1, 1]],
 [8287853, [-1, 4, 13, 2, -7, -1, 1]],
 [8300257, [-43, -41, 29, 23, -9, -3, 1]],
 [8357033, [2, 11, 14, -3, -8, 0, 1]],
 [8407625, [1, -12, 9, 15, -7, -3, 1]],
 [8420544, [1, -6, 4, 8, -5, -2, 1]],
 [8450000, [-19, -1, 30, 5, -10, -1, 1]],
 [8479181, [1, -5, 1, 10, -5, -2, 1]],
 [8496848, [-1, -3, 6, 5, -6, -1, 1]],
 [8498752, [-8, -8, 20, 12, -10, -2, 1]],
 [8512625, [11, -31, 11, 17, -8, -2, 1]],
 [8513872, [-1, -1, 8, 3, -6, -1, 1]],
 [8517401, [-2, -3, 7, 9, -4, -3, 1]],
 [8517625, [-4, -2, 17, 7, -9, -1, 1]],
 [8520656, [-1, -3, 4, 11, -4, -3, 1]],
 [8540357, [-43, -47, 34, 25, -10, -3, 1]],
 [8569169, [-41, -9, 44, 11, -12, -2, 1]],
 [8592653, [-1, -3, 4, 10, -6, -2, 1]],
 [8605184, [-56, 0, 56, 0, -14, 0, 1]],
 [8606077, [-1, -7, 10, 12, -5, -3, 1]],
 [8611796, [-2, -4, 6, 7, -5, -2, 1]],
 [8613337, [-2, -11, 5, 13, -4, -3, 1]],
 [8639957, [-2, -7, 6, 10, -4, -3, 1]],
 [8718625, [1, 10, 23, 7, -9, -2, 1]],
 [8758061, [-1, -2, 7, 9, -8, -1, 1]],
 [8769809, [1, -11, 11, 7, -7, -1, 1]],
 [8770853, [-43, 5, 49, 2, -14, -1, 1]],
 [8793749, [1, -6, 6, 7, -6, -2, 1]],
 [8815673, [-1, 3, 11, 1, -7, -1, 1]],
 [8832625, [-11, -4, 23, 5, -9, -1, 1]],
 [8902000, [-1, -9, 13, 10, -9, -1, 1]],
 [8905309, [-29, -51, 49, 16, -14, -1, 1]],
 [8985001, [-1, -8, 12, 6, -7, -1, 1]],
 [9011589, [1, -6, 7, 6, -7, -1, 1]],
 [9041125, [9, -45, 28, 14, -11, -1, 1]],
 [9045125, [-5, 0, 24, 16, -8, -3, 1]],
 [9053837, [5, -17, 7, 16, -10, -1, 1]],
 [9059636, [-1, -4, 4, 11, -8, -1, 1]],
 [9106993, [-41, -30, 37, 18, -12, -2, 1]],
 [9111769, [1, -8, 5, 9, -5, -2, 1]],
 [9114573, [-1, -2, 8, 4, -6, -1, 1]],
 [9117749, [1, -6, 3, 9, -4, -3, 1]],
 [9125696, [-1, -5, 3, 10, -3, -3, 1]],
 [9129208, [-4, 12, 17, -8, -11, 0, 1]],
 [9139520, [-5, 0, 12, 0, -7, 0, 1]],
 [9186752, [2, 14, 15, -6, -9, 0, 1]],
 [9193429, [-41, -1, 50, 6, -13, -1, 1]],
 [9202801, [-3, -4, 9, 9, -6, -2, 1]],
 [9213625, [-1, 4, 20, 11, -7, -3, 1]],
 [9262328, [-1, 0, 9, 1, -7, -1, 1]],
 [9273625, [-16, -8, 27, 6, -10, -1, 1]],
 [9273877, [-1, -5, 0, 15, -7, -2, 1]],
 [9308677, [-43, -30, 42, 16, -14, -1, 1]],
 [9326293, [-1, 1, 8, 2, -7, -1, 1]],
 [9349689, [-3, -9, 11, 7, -7, -1, 1]],
 [9372736, [-1, -2, 6, 6, -5, -2, 1]],
 [9378277, [-1, -9, 12, 6, -7, -1, 1]],
 [9395113, [-41, -29, 43, 13, -13, -1, 1]],
 [9462528, [-2, -4, 12, 6, -10, -2, 1]],
 [9468304, [1, -7, 7, 8, -7, -1, 1]],
 [9502656, [-1, 0, 8, -2, -7, 0, 1]],
 [9521152, [2, 20, 18, -8, -10, 0, 1]],
 [9526933, [-1, -2, 8, 10, -4, -3, 1]],
 [9543232, [-1, 1, 10, 1, -8, -1, 1]],
 [9548777, [-49, -49, 35, 27, -11, -3, 1]],
 [9582813, [1, -7, 5, 14, -10, -1, 1]],
 [9586125, [1, -8, 15, 6, -9, -1, 1]],
 [9596117, [-2, -3, 12, 4, -7, -1, 1]],
 [9627061, [-1, -1, 8, -1, -7, 0, 1]],
 [9642625, [1, -20, 17, 13, -9, -2, 1]],
 [9649877, [-7, -1, 15, 2, -8, -1, 1]],
 [9652257, [1, -8, 14, 9, -9, -1, 1]],
 [9684544, [2, -6, -2, 14, -6, -2, 1]],
 [9711596, [-1, -3, 8, 4, -6, -1, 1]],
 [9742016, [-1, -4, 2, 12, -7, -2, 1]],
 [9747280, [1, -13, 8, 11, -8, -1, 1]],
 [9761821, [-1, -3, 7, 4, -6, -1, 1]],
 [9772397, [-1, -4, 7, 5, -6, -1, 1]],
 [9777728, [-3, -2, 10, 6, -7, -2, 1]],
 [9783113, [1, -9, 11, 7, -8, -1, 1]],
 [9807625, [-9, -12, 22, 7, -9, -1, 1]],
 [9810092, [-1, -4, 3, 9, -3, -3, 1]],
 [9811577, [-1, -4, 13, 0, -10, 0, 1]],
 [9816064, [2, 12, 14, -4, -8, 0, 1]],
 [9855552, [-1, -4, 11, 8, -6, -2, 1]],
 [9880625, [1, 11, 19, -3, -9, 0, 1]],
 [9900549, [-17, -24, 15, 17, -6, -3, 1]],
 [9900608, [19, -44, 13, 20, -9, -2, 1]],
 [9921856, [-1, -2, 11, 0, -7, 0, 1]],
 [9925933, [-1, 1, 10, 6, -6, -2, 1]],
 [9926793, [-9, 9, 36, -1, -12, 0, 1]],
 [9944521, [-2, -1, 8, 3, -7, -1, 1]],
 [9967801, [-1, -1, 9, 5, -6, -2, 1]],
 [9979841, [-5, 3, 15, -2, -8, 0, 1]],
 [10034717, [-1, 8, 18, 2, -8, -1, 1]],
 [10047421, [-3, -7, 5, 10, -4, -3, 1]],
 [10077696, [-24, 0, 36, 0, -12, 0, 1]],
 [10121113, [-1, -6, -2, 15, -5, -3, 1]],
 [10133605, [-5, -10, 8, 11, -6, -2, 1]],
 [10134016, [-1, -2, 11, -2, -8, 0, 1]],
 [10149241, [-1, -14, 9, 11, -6, -2, 1]],
 [10153125, [-9, -21, 25, 10, -10, -1, 1]],
 [10182641, [-43, 17, 65, 5, -15, -1, 1]],
 [10245337, [4, -13, 6, 11, -6, -2, 1]],
 [10294209, [-17, 6, 27, -4, -12, 0, 1]],
 [10317097, [-43, -16, 56, 9, -14, -1, 1]],
 [10323968, [-8, 0, 25, 0, -10, 0, 1]],
 [10330877, [4, -13, 5, 14, -7, -2, 1]],
 [10338304, [-2, 4, 11, -4, -8, 0, 1]],
 [10364569, [-5, 4, 17, -1, -8, 0, 1]],
 [10369693, [1, -7, 5, 12, -4, -3, 1]],
 [10379452, [-3, 1, 11, -3, -9, 0, 1]],
 [10401157, [1, -7, 8, 8, -6, -2, 1]],
 [10403125, [1, -11, 15, 10, -10, -1, 1]],
 [10407557, [-2, 7, 18, 2, -8, -1, 1]],
 [10407625, [-1, 0, 19, 11, -9, -2, 1]],
 [10424765, [-1, -2, 6, 9, -6, -2, 1]],
 [10441721, [-1, 0, 10, 5, -7, -1, 1]],
 [10452672, [1, -6, 2, 10, -5, -2, 1]],
 [10489061, [-1, -4, 14, 0, -9, 0, 1]],
 [10506953, [-1, -5, 3, 9, -3, -3, 1]],
 [10518781, [-41, -37, 44, 18, -12, -2, 1]],
 [10525997, [-3, 2, 12, -3, -8, 0, 1]],
 [10535824, [-4, -12, 4, 15, -5, -3, 1]],
 [10557197, [-43, -25, 52, 17, -13, -2, 1]],
 [10662761, [-2, -13, 15, 7, -8, -1, 1]],
 [10718125, [-9, -18, 14, 16, -6, -3, 1]],
 [10740357, [-19, -24, 15, 17, -6, -3, 1]],
 [10758881, [-43, -46, 38, 24, -13, -2, 1]],
 [10763833, [-2, -1, 12, 7, -6, -2, 1]],
 [10766336, [-1, 2, 13, 8, -7, -2, 1]],
 [10783541, [-1, -5, 6, 7, -5, -2, 1]],
 [10784448, [-2, 22, 31, -4, -11, 0, 1]],
 [10814656, [-1, 4, 7, -6, -8, 0, 1]],
 [10815437, [-1, -1, 10, 2, -7, -1, 1]],
 [10826109, [-29, -67, 45, 24, -13, -2, 1]],
 [10864384, [1, 12, 25, 6, -9, -2, 1]],
 [10884304, [1, -9, 2, 13, -4, -3, 1]],
 [10885592, [-4, -8, 9, 9, -6, -2, 1]],
 [10893125, [1, 9, 19, -2, -9, 0, 1]],
 [10893337, [-56, -56, 42, 27, -11, -3, 1]],
 [10909809, [3, -9, 1, 13, -6, -2, 1]],
 [10910144, [-71, 0, 54, 0, -13, 0, 1]],
 [10918361, [2, -9, 7, 8, -7, -1, 1]],
 [10936125, [1, 16, 30, 6, -12, -1, 1]],
 [10943125, [-5, -10, 20, 10, -9, -2, 1]],
 [10958533, [-1, 2, 8, -1, -8, 0, 1]],
 [10998592, [-3, 2, 10, -2, -7, 0, 1]],
 [11010261, [-1, -3, 9, 2, -8, -1, 1]],
 [11017801, [-1, -10, 3, 13, -6, -2, 1]],
 [11035429, [1, -7, 11, 4, -8, -1, 1]],
 [11053625, [1, -9, 18, 4, -10, -1, 1]],
 [11110229, [1, -9, 15, 6, -8, -1, 1]],
 [11120233, [-9, -12, 16, 10, -9, -1, 1]],
 [11123833, [-43, -53, 51, 19, -15, -1, 1]],
 [11125125, [-9, -15, 22, 13, -9, -2, 1]],
 [11149137, [-1, -8, 8, 12, -7, -2, 1]],
 [11152397, [1, 8, 17, 4, -9, -1, 1]],
 [11169953, [1, -11, 9, 10, -6, -2, 1]],
 [11188748, [-1, 2, 10, -2, -8, 0, 1]],
 [11202625, [31, -78, 37, 19, -13, -1, 1]],
 [11243873, [-1, -2, 9, 10, -8, -2, 1]],
 [11251008, [-6, -6, 12, 8, -6, -2, 1]],
 [11292089, [-4, -5, 17, 5, -8, -1, 1]],
 [11329929, [-1, 4, 9, -3, -7, 0, 1]],
 [11335869, [-1, -8, 6, 12, -4, -3, 1]],
 [11341289, [1, -5, 0, 11, -3, -3, 1]],
 [11343184, [-1, -3, 8, 7, -6, -3, 1]],
 [11344133, [3, -10, 4, 11, -6, -2, 1]],
 [11354449, [-4, 1, 11, -1, -7, 0, 1]],
 [11379697, [-1, -8, 2, 11, -3, -3, 1]],
 [11382293, [-1, 6, 17, 3, -8, -1, 1]],
 [11390869, [-3, -2, 12, 7, -6, -2, 1]],
 [11431053, [-1, 2, 8, -2, -8, -1, 1]],
 [11444173, [-3, -5, 7, 10, -4, -3, 1]],
 [11473949, [-1, 1, 9, -2, -7, 0, 1]],
 [11498389, [-49, -49, 49, 22, -16, -1, 1]],
 [11510125, [-1, 8, 27, 7, -12, -1, 1]],
 [11527625, [-1, 2, 19, -1, -9, 0, 1]],
 [11587216, [-17, 18, 29, -10, -13, 0, 1]],
 [11623961, [-4, -2, 13, 6, -8, -1, 1]],
 [11641769, [-2, -5, 6, 8, -5, -2, 1]],
 [11644009, [1, -9, 10, 7, -7, -1, 1]],
 [11697233, [-1, -4, 6, 8, -7, -1, 1]],
 [11737724, [-4, -4, 11, 5, -7, -1, 1]],
 [11751429, [1, -6, 6, 10, -8, -1, 1]],
 [11752113, [-2, -3, 7, 6, -7, -1, 1]],
 [11767301, [-49, 0, 70, 8, -16, -1, 1]],
 [11767669, [-1, 3, 6, -6, -8, 0, 1]],
 [11787017, [-4, -7, 7, 11, -4, -3, 1]],
 [11796113, [-13, -25, 57, 11, -17, -1, 1]],
 [11850064, [1, -15, 34, 9, -12, -1, 1]],
 [11867829, [-1, -2, 9, 5, -8, -1, 1]],
 [11875252, [-2, 2, 14, 5, -8, -1, 1]],
 [11937680, [-4, -16, 8, 15, -5, -3, 1]],
 [11946128, [-4, -4, 12, 5, -7, -1, 1]],
 [11946521, [1, -7, 9, 9, -8, -1, 1]],
 [11973625, [9, -27, 13, 15, -8, -2, 1]],
 [11976033, [1, -8, 9, 9, -6, -2, 1]],
 [11989029, [-3, -3, 10, 6, -6, -2, 1]],
 [11996125, [1, 11, 23, 4, -10, -1, 1]],
 [12002256, [1, -3, -6, 17, -6, -3, 1]],
 [12003392, [-2, 10, 10, -10, -10, 0, 1]],
 [12008989, [-1, -2, 14, 0, -14, -2, 1]],
 [12062776, [-5, -4, 13, 5, -7, -1, 1]],
 [12135125, [-1, -48, 36, 14, -12, -1, 1]],
 [12150464, [-2, 2, 10, -2, -7, 0, 1]],
 [12157533, [-19, 3, 30, -2, -12, 0, 1]],
 [12158000, [-1, -2, 18, 10, -8, -2, 1]],
 [12180321, [-4, -1, 12, 0, -7, 0, 1]],
 [12180977, [-1, 2, 7, -3, -7, 0, 1]],
 [12181077, [-1, -1, 8, 6, -7, -1, 1]],
 [12200528, [-5, -13, 6, 13, -4, -3, 1]],
 [12202292, [-2, -8, 6, 11, -8, -1, 1]],
 [12224617, [-3, 2, 12, -1, -7, 0, 1]],
 [12229369, [1, -15, 7, 12, -6, -2, 1]],
 [12232768, [3, -16, 7, 12, -6, -2, 1]],
 [12243881, [-4, -2, 13, 2, -8, -1, 1]],
 [12248000, [-1, 2, 20, 8, -8, -2, 1]],
 [12253129, [1, -7, 9, 5, -7, -1, 1]],
 [12255625, [-1, 4, 19, 3, -9, -1, 1]],
 [12270661, [-5, -7, 12, 6, -7, -1, 1]],
 [12286145, [-1, 0, 9, 7, -6, -2, 1]],
 [12334732, [-6, -4, 13, 5, -7, -1, 1]],
 [12354048, [-1, 4, 16, 6, -7, -2, 1]],
 [12372625, [1, 10, 24, 7, -11, -1, 1]],
 [12393729, [-19, -9, 27, 13, -9, -3, 1]],
 [12410453, [1, 8, 15, 1, -8, -1, 1]],
 [12458000, [-4, 10, 25, -2, -10, 0, 1]],
 [12463625, [-11, -17, 26, 8, -10, -1, 1]],
 [12465625, [1, 9, 20, 0, -10, -1, 1]],
 [12472000, [-4, 0, 22, 8, -9, -2, 1]],
 [12482000, [-11, 7, 22, -7, -12, 1, 1]],
 [12482000, [-19, -8, 33, 10, -11, -2, 1]],
 [12511449, [-2, 1, 10, 1, -7, -1, 1]],
 [12516181, [3, -14, 1, 18, -8, -2, 1]],
 [12530781, [-1, -6, 3, 10, -3, -3, 1]],
 [12562000, [1, -7, 8, 15, -6, -3, 1]],
 [12568149, [-1, -5, 4, 9, -5, -2, 1]],
 [12592073, [-1, -3, 9, 6, -6, -2, 1]],
 [12599993, [1, -6, 3, 9, -5, -2, 1]],
 [12600425, [-2, 1, 12, 5, -8, -2, 1]],
 [12623041, [-16, -11, 21, 8, -9, -1, 1]],
 [12633268, [-1, -16, 14, 9, -8, -1, 1]],
 [12652625, [9, 39, 31, -9, -12, 0, 1]],
 [12694016, [-1, 8, 16, -2, -8, 0, 1]],
 [12705088, [-2, 2, 8, -4, -8, 0, 1]],
 [12730624, [-4, 0, 13, 0, -8, 0, 1]],
 [12732001, [-3, -5, 9, 7, -7, -1, 1]],
 [12733389, [-1, -6, 10, 9, -6, -2, 1]],
 [12754112, [-83, 0, 68, 0, -15, 0, 1]],
 [12765184, [2, -12, 18, 0, -10, 0, 1]],
 [12774565, [-1, -13, 11, 10, -7, -2, 1]],
 [12774969, [-5, -2, 12, 3, -7, -1, 1]],
 [12781568, [-8, 0, 17, 0, -8, 0, 1]],
 [12804608, [-1, -12, 12, 10, -7, -2, 1]],
 [12830656, [-1, -4, 4, 8, -5, -2, 1]],
 [12836864, [-4, -8, 22, 0, -10, 0, 1]],
 [12843125, [-1, -16, 19, 8, -9, -1, 1]],
 [12857633, [-1, -4, 12, 5, -7, -1, 1]],
 [12866121, [-17, -3, 33, 15, -9, -3, 1]],
 [12880125, [-11, 8, 21, -9, -12, 1, 1]],
 [12910252, [-1, -3, 5, 7, -5, -2, 1]],
 [12933968, [-4, -8, 16, 6, -8, -1, 1]],
 [12996533, [1, -5, -2, 14, -6, -2, 1]],
 [13005368, [4, -14, 7, 15, -10, -1, 1]],
 [13009408, [1, 22, 23, -6, -10, 0, 1]],
 [13043125, [-29, -15, 36, 8, -11, -1, 1]],
 [13098625, [-1, -13, 15, 13, -8, -2, 1]],
 [13106209, [-2, -9, 10, 9, -6, -2, 1]],
 [13111861, [-71, -54, 41, 25, -10, -3, 1]],
 [13122000, [-20, 0, 36, 0, -12, 0, 1]],
 [13122000, [4, 36, 36, -6, -12, 0, 1]],
 [13140673, [-64, -16, 56, 9, -14, -1, 1]],
 [13153489, [-5, -1, 13, 3, -7, -1, 1]],
 [13188097, [-2, -13, 12, 10, -7, -2, 1]],
 [13188125, [-5, 0, 21, 4, -9, -1, 1]],
 [13207901, [-43, -64, 56, 23, -14, -2, 1]],
 [13224157, [-3, -8, 8, 9, -6, -2, 1]],
 [13227613, [-1, -2, 9, 6, -7, -1, 1]],
 [13231312, [1, -9, 8, 9, -8, -1, 1]],
 [13250277, [-3, 3, 12, -1, -7, 0, 1]],
 [13275849, [-1, -7, 1, 11, -3, -3, 1]],
 [13282000, [-19, -21, 22, 19, -8, -3, 1]],
 [13294693, [-1, 5, 11, -2, -7, 0, 1]],
 [13296116, [1, -5, 0, 13, -6, -2, 1]],
 [13298000, [-1, 13, 26, 3, -10, -1, 1]],
 [13298445, [-5, -5, 12, 8, -6, -2, 1]],
 [13308712, [3, -10, 3, 13, -5, -3, 1]],
 [13322689, [1, 9, 11, -5, -8, 0, 1]],
 [13330937, [-1, -4, 5, 7, -5, -2, 1]],
 [13338513, [-19, 15, 30, -7, -12, 0, 1]],
 [13349312, [-1, 2, 11, 2, -8, -2, 1]],
 [13377625, [11, 36, 29, -7, -11, 0, 1]],
 [13387625, [-4, -2, 19, 15, -7, -3, 1]],
 [13390873, [1, -7, 5, 9, -7, -1, 1]],
 [13391125, [1, 10, 20, -3, -10, 0, 1]],
 [13395737, [-1, -2, 11, 7, -6, -2, 1]],
 [13413125, [19, -45, 16, 19, -9, -2, 1]],
 [13424893, [-15, 1, 22, -1, -9, 0, 1]],
 [13425453, [1, -7, 6, 10, -5, -3, 1]],
 [13431004, [-2, 8, 15, -3, -8, 0, 1]],
 [13438000, [-1, -1, 15, 16, -7, -3, 1]],
 [13462336, [-3, -4, 9, 6, -6, -2, 1]],
 [13477337, [-1, 0, 7, -1, -7, 0, 1]],
 [13490000, [-5, 0, 25, 10, -9, -2, 1]],
 [13512553, [-1, -8, -2, 17, -7, -2, 1]],
 [13515229, [-49, -49, 63, 22, -15, -2, 1]],
 [13525504, [7, -24, 10, 14, -7, -2, 1]],
 [13556125, [-11, -11, 20, 16, -7, -3, 1]],
 [13602384, [19, -53, 32, 15, -12, -1, 1]],
 [13603625, [25, -55, 19, 21, -10, -2, 1]],
 [13620125, [11, -29, 12, 16, -8, -2, 1]],
 [13625413, [1, -7, 4, 9, -5, -2, 1]],
 [13643493, [-1, -3, 5, 10, -8, -1, 1]],
 [13674832, [1, -9, 4, 11, -4, -3, 1]],
 [13695125, [11, -35, 12, 22, -9, -3, 1]],
 [13697553, [1, -6, 4, 9, -7, -1, 1]],
 [13708277, [-1, -4, 3, 11, -8, -1, 1]],
 [13710773, [1, -9, 0, 14, -6, -2, 1]],
 [13711477, [-9, 16, 31, 0, -11, -1, 1]],
 [13716913, [-64, -32, 52, 17, -13, -2, 1]],
 [13744432, [-1, -4, 6, 10, -6, -2, 1]],
 [13748224, [1, -6, -1, 16, -7, -2, 1]],
 [13753625, [31, -61, 17, 23, -10, -2, 1]],
 [13767473, [2, -11, 10, 7, -7, -1, 1]],
 [13773625, [4, -22, 13, 15, -8, -2, 1]],
 [13777616, [5, -21, 10, 15, -10, -1, 1]],
 [13783552, [1, 8, 8, -10, -10, 0, 1]],
 [13829941, [-1, -2, 8, 9, -6, -2, 1]],
 [13831717, [-3, -8, 7, 11, -4, -3, 1]],
 [13837149, [-17, 15, 36, -4, -12, 0, 1]],
 [13842453, [-1, -5, 2, 10, -3, -3, 1]],
 [13875392, [1, 8, 12, -4, -8, 0, 1]],
 [13912508, [-2, 0, 9, 1, -7, -1, 1]],
 [13912625, [1, -12, 17, 7, -9, -1, 1]],
 [13983424, [-91, 0, 63, 0, -14, 0, 1]],
 [13987189, [-3, 1, 12, 2, -7, -1, 1]],
 [13991508, [-3, -6, 6, 11, -4, -3, 1]],
 [13993909, [-11, -7, 17, 6, -8, -1, 1]],
 [14014637, [-71, -25, 58, 12, -15, -1, 1]],
 [14017493, [-1, 2, 6, -5, -8, 0, 1]],
 [14018560, [-10, 0, 18, 0, -8, 0, 1]],
 [14070125, [-11, 16, 31, -6, -12, 0, 1]],
 [14149093, [-71, -29, 56, 16, -14, -2, 1]],
 [14162625, [-9, -12, 19, 15, -7, -3, 1]],
 [14178321, [-24, -36, 24, 23, -9, -3, 1]],
 [14184029, [1, -5, 0, 10, -3, -3, 1]],
 [14193625, [4, -22, 21, 8, -10, -1, 1]],
 [14283728, [-1, -9, 4, 13, -4, -3, 1]],
 [14303312, [-5, -1, 16, 1, -12, -1, 1]],
 [14307389, [-1, -3, 12, 4, -7, -1, 1]],
 [14312792, [2, -20, 9, 16, -6, -3, 1]],
 [14315125, [-9, 15, 34, 2, -11, -1, 1]],
 [14338421, [-5, -11, 10, 10, -6, -2, 1]],
 [14349773, [1, -11, 4, 12, -6, -2, 1]],
 [14350777, [-71, 3, 65, 5, -15, -1, 1]],
 [14378816, [2, -10, 8, 8, -7, -1, 1]],
 [14389193, [-56, -56, 70, 15, -16, -1, 1]],
 [14395604, [-2, 4, 16, 3, -10, -1, 1]],
 [14414517, [3, 18, 15, -31, -12, 3, 1]],
 [14440957, [-1, -3, 4, 8, -6, -2, 1]],
 [14469145, [-8, -7, 17, 5, -8, -1, 1]],
 [14470621, [5, -18, 13, 9, -8, -1, 1]],
 [14479252, [-1, -1, 8, -1, -8, 0, 1]],
 [14495056, [-1, -3, 6, 11, -4, -3, 1]],
 [14500352, [1, -16, 8, 14, -7, -2, 1]],
 [14505253, [-1, 3, 8, -3, -7, 0, 1]],
 [14513972, [-4, -8, 10, 9, -8, -1, 1]],
 [14528781, [-1, -7, 6, 12, -5, -3, 1]],
 [14538437, [-1, -9, 4, 13, -7, -2, 1]],
 [14541181, [1, -8, 15, 4, -9, -1, 1]],
 [14545737, [-17, 21, 36, -5, -12, 0, 1]],
 [14546125, [1, -24, 23, 9, -10, -1, 1]],
 [14557696, [-1, 6, 13, -2, -8, 0, 1]],
 [14572352, [-7, 10, 19, -4, -9, 0, 1]],
 [14599577, [1, 12, 16, -5, -9, 0, 1]],
 [14606661, [-1, -3, 6, 7, -5, -2, 1]],
 [14613673, [-14, -15, 18, 13, -8, -2, 1]],
 [14623232, [1, -28, 26, 14, -13, -2, 1]],
 [14628625, [-5, 5, 24, 2, -10, -1, 1]],
 [14631616, [-5, -8, 10, 12, -7, -2, 1]],
 [14642000, [29, -64, 17, 26, -11, -2, 1]],
 [14662000, [1, -16, 16, 12, -8, -2, 1]],
 [14680125, [-1, -6, 12, 14, -6, -3, 1]],
 [14691416, [-1, 3, 12, 0, -8, -1, 1]],
 [14747501, [-3, -7, 5, 12, -4, -3, 1]],
 [14801492, [-1, -4, 4, 11, -4, -3, 1]],
 [14870272, [2, -12, 8, 10, -6, -2, 1]],
 [14886909, [-19, -21, 24, 18, -9, -3, 1]],
 [14894696, [-3, -11, 6, 12, -4, -3, 1]],
 [14895104, [-7, -6, 15, 8, -7, -2, 1]],
 [14905408, [-97, 0, 68, 0, -15, 0, 1]],
 [14919781, [3, -11, 6, 10, -6, -2, 1]],
 [14948381, [-5, -7, 10, 8, -6, -2, 1]],
 [14966741, [1, 11, 22, 2, -9, -1, 1]],
 [14978149, [-1, -7, 0, 14, -5, -3, 1]],
 [14987776, [-2, -8, 5, 14, -7, -2, 1]],
 [14998245, [-5, 0, 18, 4, -8, -1, 1]],
 [15004240, [-17, -26, 35, 16, -11, -2, 1]],
 [15005125, [-36, -18, 41, 9, -12, -1, 1]],
 [15011993, [-1, -4, 11, 5, -7, -1, 1]],
 [15023057, [-71, -22, 63, 16, -14, -2, 1]],
 [15028789, [-1, -5, 14, -1, -9, 0, 1]],
 [15031125, [-9, 6, 28, 4, -10, -1, 1]],
 [15044092, [2, -6, -1, 12, -4, -3, 1]],
 [15071125, [-11, 10, 33, 4, -11, -1, 1]],
 [15113293, [3, -10, 2, 13, -6, -2, 1]],
 [15121357, [-1, 3, 5, -8, -9, 0, 1]],
 [15141053, [1, -6, 1, 10, -3, -3, 1]],
 [15148625, [1, -20, 13, 17, -9, -2, 1]],
 [15154256, [-4, -2, 12, 4, -8, -2, 1]],
 [15155664, [-1, -5, 14, 13, -6, -3, 1]],
 [15168313, [1, -9, 14, 6, -8, -1, 1]],
 [15180169, [-2, -7, 2, 13, -5, -3, 1]],
 [15184532, [-2, 14, 18, -5, -9, 0, 1]],
 [15185109, [-1, 6, 10, -5, -8, 0, 1]],
 [15187408, [-4, -6, 10, 8, -6, -2, 1]],
 [15208024, [-2, 2, 13, 3, -7, -1, 1]],
 [15213449, [1, -6, 6, 7, -7, -1, 1]],
 [15231824, [-1, -5, 8, 7, -8, -1, 1]],
 [15254573, [-1, 1, 7, -2, -7, 0, 1]],
 [15268608, [-3, -12, 7, 14, -7, -2, 1]],
 [15276917, [-1, -2, 7, 10, -4, -3, 1]],
 [15277625, [-11, -20, 27, 11, -11, -1, 1]],
 [15278528, [-2, 1, 13, 3, -7, -1, 1]],
 [15298000, [11, -29, 10, 21, -12, -1, 1]],
 [15323648, [4, -12, 3, 14, -7, -2, 1]],
 [15350572, [1, -7, 9, 7, -7, -2, 1]],
 [15378173, [-1, -4, 4, 8, -4, -3, 1]],
 [15378496, [-1, -6, 6, 8, -5, -2, 1]],
 [15381949, [-1, -11, 5, 12, -4, -3, 1]],
 [15451501, [-5, -12, 5, 13, -4, -3, 1]],
 [15452197, [-5, -17, 13, 12, -7, -2, 1]],
 [15456081, [-9, -12, 14, 11, -7, -2, 1]],
 [15464277, [-19, -27, 18, 22, -9, -3, 1]],
 [15478000, [-4, -8, 20, 6, -9, -1, 1]],
 [15487229, [-9, -9, 16, 11, -9, -2, 1]],
 [15493653, [-71, -32, 65, 12, -15, -1, 1]],
 [15502625, [-1, -4, 18, 5, -9, -1, 1]],
 [15512861, [-83, -68, 53, 29, -12, -3, 1]],
 [15522536, [-1, -3, 4, 8, -4, -3, 1]],
 [15523969, [-1, -5, 13, 7, -8, -1, 1]],
 [15532857, [-1, -21, 20, 9, -9, -1, 1]],
 [15536448, [-37, 0, 39, 0, -12, 0, 1]],
 [15560881, [-83, -69, 53, 31, -13, -3, 1]],
 [15565745, [5, -20, 9, 16, -8, -2, 1]],
 [15576125, [4, -14, 5, 17, -6, -3, 1]],
 [15593108, [-1, -3, 6, 9, -6, -2, 1]],
 [15605953, [-9, 0, 20, -1, -9, 0, 1]],
 [15617552, [2, 20, 28, -1, -11, -1, 1]],
 [15647836, [2, 12, 19, 1, -9, -1, 1]],
 [15666676, [-1, -7, 6, 11, -6, -2, 1]],
 [15675125, [-19, -43, 42, 14, -13, -1, 1]],
 [15679297, [-4, -11, 8, 11, -6, -2, 1]],
 [15680000, [1, 8, 16, 2, -9, -2, 1]],
 [15700473, [-19, 12, 39, -2, -12, 0, 1]],
 [15725009, [-2, 1, 9, -1, -9, 0, 1]],
 [15733625, [5, 40, 46, 1, -13, -1, 1]],
 [15751800, [-1, -7, 16, 6, -8, -1, 1]],
 [15761277, [-1, -4, 13, 3, -8, -1, 1]],
 [15774208, [-1, 4, 14, -2, -8, 0, 1]],
 [15780713, [-2, -1, 9, 1, -8, -1, 1]],
 [15785984, [8, -32, 16, 16, -9, -2, 1]],
 [15831693, [-19, -12, 33, 18, -9, -3, 1]],
 [15848361, [3, -10, 2, 15, -5, -3, 1]],
 [15883625, [-44, -34, 37, 22, -10, -3, 1]],
 [15911125, [-9, -9, 26, 14, -10, -2, 1]],
 [15931177, [-4, -7, 8, 9, -6, -2, 1]],
 [15935184, [1, 9, 16, 1, -8, -1, 1]],
 [15942625, [-9, 9, 29, -3, -11, 0, 1]],
 [15960125, [-11, -24, 17, 18, -7, -3, 1]],
 [15981056, [-104, 0, 76, 0, -16, 0, 1]],
 [16040125, [-4, -12, 13, 15, -6, -3, 1]],
 [16064969, [-8, -5, 15, 5, -8, -1, 1]],
 [16084197, [-9, 0, 19, 2, -9, -1, 1]],
 [16088125, [-1, -10, 16, 14, -9, -2, 1]],
 [16107145, [-2, -1, 12, 3, -7, -1, 1]],
 [16167953, [-1, 0, 12, 4, -7, -1, 1]],
 [16171081, [-1, 0, 10, -5, -9, 0, 1]],
 [16174901, [-1, 4, 11, -1, -8, -1, 1]],
 [16196689, [1, -7, 11, 5, -8, -1, 1]],
 [16208960, [2, 22, 22, -6, -10, 0, 1]],
 [16220521, [-5, -9, 11, 9, -6, -2, 1]],
 [16258752, [1, -4, -1, 12, -6, -2, 1]],
 [16271577, [-83, -43, 66, 21, -16, -2, 1]],
 [16287296, [-1, -4, 5, 8, -5, -2, 1]],
 [16290125, [-11, -10, 47, -1, -16, 1, 1]],
 [16313373, [1, -10, 8, 9, -6, -2, 1]],
 [16332217, [1, -7, 1, 11, -3, -3, 1]],
 [16343125, [-5, 15, 36, 7, -11, -2, 1]],
 [16371248, [-8, -6, 15, 8, -7, -2, 1]],
 [16376384, [-1, -2, 9, 12, -9, -2, 1]],
 [16376401, [-1, -5, 5, 11, -6, -2, 1]],
 [16377437, [-3, 1, 10, -2, -8, 0, 1]],
 [16406033, [-56, -84, 56, 29, -15, -2, 1]],
 [16410944, [-1, -12, 9, 10, -6, -2, 1]],
 [16418716, [2, -10, 11, 6, -8, -1, 1]],
 [16467032, [2, -16, 15, 8, -8, -1, 1]],
 [16470677, [1, -6, 6, 9, -6, -2, 1]],
 [16484816, [9, -39, 26, 25, -10, -3, 1]],
 [16489433, [-1, 3, 9, -3, -11, -1, 1]],
 [16497625, [-1, -17, 22, 12, -12, -1, 1]],
 [16502537, [-8, -11, 22, 7, -9, -1, 1]],
 [16506452, [1, -10, 4, 13, -4, -3, 1]],
 [16513901, [1, -6, 2, 17, -8, -2, 1]],
 [16531829, [-7, -11, 15, 10, -7, -2, 1]],
 [16537408, [1, -4, -3, 14, -6, -2, 1]],
 [16571356, [-1, 2, 17, 7, -9, -3, 1]],
 [16607717, [-83, -1, 80, 14, -16, -2, 1]],
 [16609792, [-2, 0, 13, 6, -7, -2, 1]],
 [16623797, [4, -16, -1, 24, -11, -2, 1]],
 [16626944, [1, -6, 6, 8, -6, -2, 1]],
 [16630781, [-1, -6, 7, 11, -4, -3, 1]],
 [16634361, [-2, -3, 10, 11, -5, -3, 1]],
 [16636372, [-3, -5, 10, 7, -6, -2, 1]],
 [16636529, [-71, -57, 56, 23, -14, -2, 1]],
 [16653125, [-5, 0, 25, 0, -10, 0, 1]],
 [16676125, [-1, -7, 18, 10, -8, -2, 1]],
 [16717036, [-19, 0, 26, 0, -10, 0, 1]],
 [16746125, [-29, -4, 40, 6, -12, -1, 1]],
 [16769536, [-1, -4, 4, 18, -9, -2, 1]],
 [16771805, [-1, -4, 4, 12, -4, -3, 1]]]
