[[282300416, [-1, 2, 7, -12, -8, 14, 0, -4, 1]],
 [309593125, [-1, 9, 6, -23, -5, 17, -1, -4, 1]],
 [324000000, [1, 0, -8, 0, 14, 0, -7, 0, 1]],
 [410338673, [1, 4, -10, -10, 15, 6, -7, -1, 1]],
 [432640000, [-1, 4, 2, -18, 4, 16, -7, -2, 1]],
 [442050625, [-1, 11, -5, -36, 17, 26, -12, -2, 1]],
 [456768125, [-1, 9, -8, -18, 14, 11, -7, -2, 1]],
 [483345053, [1, 0, -9, -3, 15, 4, -7, -1, 1]],
 [494613125, [1, 1, -7, -4, 13, 4, -7, -1, 1]],
 [582918125, [1, 2, -6, -9, 11, 9, -6, -2, 1]],
 [656505625, [1, 3, -4, -13, 5, 13, -4, -3, 1]],
 [661518125, [1, 2, -10, -7, 15, 5, -7, -1, 1]],
 [707295133, [1, -4, -13, 7, 19, -2, -8, 0, 1]],
 [733968125, [1, 2, -7, -11, 11, 10, -6, -2, 1]],
 [740605625, [1, 4, -14, -12, 21, 8, -9, -1, 1]],
 [803680625, [-1, 14, -14, -24, 22, 12, -9, -2, 1]],
 [852038125, [1, 0, -10, 5, 17, -5, -10, 0, 1]],
 [877268125, [1, 7, -1, -25, 5, 20, -6, -3, 1]],
 [898293125, [1, 1, -9, -10, 15, 10, -9, -1, 1]],
 [1000118125, [-1, 7, -1, -19, 5, 14, -4, -3, 1]],
 [1024000000, [1, 0, -12, 0, 19, 0, -8, 0, 1]],
 [1032588125, [-1, -9, -17, 9, 23, -2, -9, 0, 1]],
 [1064390625, [1, 0, -17, 0, 44, 0, -13, 0, 1]],
 [1077044573, [-1, 5, -2, -17, 16, 8, -8, -1, 1]],
 [1095205625, [-1, 8, 2, -23, 2, 18, -5, -3, 1]],
 [1098290293, [-1, 5, 7, -23, 1, 16, -4, -3, 1]],
 [1104338125, [-1, 17, -9, -31, 17, 15, -8, -2, 1]],
 [1114390153, [1, 0, -10, 3, 16, -2, -8, 0, 1]],
 [1121463125, [1, 5, 0, -18, 2, 15, -4, -3, 1]],
 [1136700613, [1, 1, -8, -4, 14, 4, -7, -1, 1]],
 [1142440000, [1, 4, -5, -15, 8, 15, -5, -3, 1]],
 [1152784549, [-1, 4, 4, -16, -3, 15, -1, -4, 1]],
 [1153988125, [-1, 6, -5, -16, 12, 11, -7, -2, 1]],
 [1166547493, [1, 3, -9, -9, 14, 6, -7, -1, 1]],
 [1183423341, [-1, 10, -8, -20, 17, 9, -8, -1, 1]],
 [1202043125, [-1, 2, 9, -21, 0, 16, -4, -3, 1]],
 [1225026133, [-1, 2, 9, -17, -6, 18, -4, -3, 1]],
 [1243893125, [1, -2, -12, -1, 18, 3, -8, -1, 1]],
 [1255718125, [-1, 10, 13, -41, 10, 19, -8, -2, 1]],
 [1261609229, [-1, 6, -1, -19, 9, 12, -6, -2, 1]],
 [1292203125, [1, 8, 6, -21, -6, 17, -1, -4, 1]],
 [1299600812, [1, 3, -8, -13, 12, 10, -6, -2, 1]],
 [1317743125, [-1, 8, -12, -14, 19, 7, -8, -1, 1]],
 [1318279381, [1, 1, -9, -6, 14, 5, -7, -1, 1]],
 [1326417388, [2, 4, -9, -13, 12, 10, -6, -2, 1]],
 [1348097653, [1, 6, -6, -17, 11, 11, -6, -2, 1]],
 [1358954496, [1, 0, -16, 0, 20, 0, -8, 0, 1]],
 [1359341129, [2, -1, -12, 2, 18, -1, -8, 0, 1]],
 [1377663125, [1, 5, -22, -5, 33, 0, -12, 0, 1]],
 [1381875749, [-1, 5, 1, -18, 4, 14, -4, -3, 1]],
 [1391339501, [-1, 9, 0, -22, 4, 15, -4, -3, 1]],
 [1405817381, [-1, -7, -12, 6, 20, -1, -9, 0, 1]],
 [1410504129, [1, -1, -15, 1, 22, -1, -9, 0, 1]],
 [1410894053, [1, 3, -8, -11, 12, 9, -6, -2, 1]],
 [1413480448, [-1, 4, 2, -16, -1, 16, -2, -4, 1]],
 [1424875717, [1, 1, -10, -6, 15, 5, -7, -1, 1]],
 [1442599461, [1, 8, -2, -21, 4, 15, -4, -3, 1]],
 [1449693125, [1, 11, -14, -20, 20, 10, -9, -1, 1]],
 [1459172469, [-1, 6, 8, -21, -6, 17, -1, -4, 1]],
 [1460018125, [1, 1, -10, -14, 11, 13, -5, -3, 1]],
 [1462785589, [-1, 6, -3, -17, 10, 11, -6, -2, 1]],
 [1472275625, [-1, 13, -12, -35, 13, 19, -6, -3, 1]],
 [1480160000, [11, 0, -31, 0, 27, 0, -9, 0, 1]],
 [1503813125, [-1, 14, 15, -49, 7, 24, -7, -3, 1]],
 [1504990000, [1, -1, -13, -7, 18, 9, -7, -2, 1]],
 [1534132224, [1, -4, -12, 8, 21, -4, -10, 0, 1]],
 [1540730624, [1, 2, -11, -2, 18, 0, -8, 0, 1]],
 [1542043133, [1, 2, -11, -1, 17, 0, -8, 0, 1]],
 [1568928637, [1, 3, -5, -13, 9, 11, -6, -2, 1]],
 [1571093125, [1, 7, -28, -20, 30, 9, -10, -1, 1]],
 [1597988125, [1, 3, -6, -14, 14, 9, -8, -1, 1]],
 [1601440000, [1, -2, -13, 4, 21, -2, -9, 0, 1]],
 [1621897976, [1, 5, -7, -16, 11, 11, -6, -2, 1]],
 [1623655625, [-19, 61, -20, -61, 35, 17, -12, -1, 1]],
 [1632593125, [-1, 3, 7, -23, 2, 18, -5, -3, 1]],
 [1635340493, [1, 0, -10, -7, 16, 9, -7, -2, 1]],
 [1653760901, [-1, 7, -4, -17, 10, 11, -6, -2, 1]],
 [1665705625, [-19, 51, 3, -70, 25, 22, -10, -2, 1]],
 [1673644013, [-1, -7, -11, 10, 21, -3, -9, 0, 1]],
 [1697203125, [1, 3, -5, -12, 9, 12, -5, -3, 1]],
 [1700021833, [-1, 4, 6, -22, 1, 16, -4, -3, 1]],
 [1702265625, [1, 1, -8, -7, 15, 7, -8, -1, 1]],
 [1712153125, [-1, 6, -5, -15, 16, 8, -8, -1, 1]],
 [1715453917, [1, 4, -5, -17, 15, 9, -8, -1, 1]],
 [1735088125, [1, 19, -6, -42, 18, 19, -9, -2, 1]],
 [1775963125, [1, 3, -11, -11, 17, 10, -7, -2, 1]],
 [1781343125, [-1, 12, -34, -2, 35, -1, -11, 0, 1]],
 [1781343125, [1, 23, -28, -29, 30, 13, -10, -2, 1]],
 [1787650625, [-1, 19, -16, -33, 27, 15, -12, -1, 1]],
 [1798549237, [3, 2, -18, -6, 21, 5, -8, -1, 1]],
 [1819226509, [1, -3, -18, 3, 23, -1, -9, 0, 1]],
 [1823393125, [-1, 22, -9, -39, 25, 13, -10, -1, 1]],
 [1823954309, [1, 1, -13, -2, 20, 4, -8, -1, 1]],
 [1828325753, [1, 4, -12, -9, 19, 6, -8, -1, 1]],
 [1840834873, [1, 3, -8, -11, 14, 10, -7, -2, 1]],
 [1844418125, [-1, -16, -25, 17, 37, -2, -12, 0, 1]],
 [1870229248, [1, -4, -12, 6, 20, -2, -9, 0, 1]],
 [1878488125, [-11, 25, 14, -44, 2, 23, -6, -3, 1]],
 [1879038125, [5, -5, -31, -4, 28, 5, -9, -1, 1]],
 [1882030625, [-1, -1, 19, -27, -5, 21, -5, -3, 1]],
 [1891678448, [-1, 4, 3, -17, 2, 17, -5, -3, 1]],
 [1915010701, [1, 2, -7, -7, 14, 6, -8, -1, 1]],
 [1921365469, [1, 0, -12, 1, 19, 1, -9, -1, 1]],
 [1928580625, [1, 2, -11, -15, 16, 11, -7, -2, 1]],
 [1929042541, [1, 5, -8, -14, 14, 9, -8, -1, 1]],
 [1933869832, [-1, 3, 5, -15, -6, 16, -1, -4, 1]],
 [1948160000, [-1, 6, -3, -20, 8, 18, -4, -4, 1]],
 [1954614041, [2, 5, -9, -14, 12, 10, -6, -2, 1]],
 [1965663125, [5, 5, -19, -12, 22, 7, -9, -1, 1]],
 [1984727933, [-1, 5, -3, -14, 14, 8, -8, -1, 1]],
 [1985200625, [-1, 7, -9, -16, 17, 10, -8, -2, 1]],
 [1985577589, [-1, 5, -1, -18, 7, 14, -5, -3, 1]],
 [1989018125, [1, 9, -3, -27, 13, 14, -7, -2, 1]],
 [1994682269, [1, -1, -13, 3, 19, -1, -8, 0, 1]],
 [1995183493, [-1, 4, 8, -29, 10, 15, -7, -2, 1]],
 [1999255625, [1, 8, -12, -16, 18, 8, -8, -1, 1]],
 [2020229333, [1, 3, -6, -13, 11, 10, -6, -2, 1]],
 [2037863125, [1, 1, -9, -6, 17, 9, -7, -2, 1]],
 [2041247081, [1, 5, -7, -14, 11, 10, -6, -2, 1]],
 [2051578125, [1, 6, -11, -28, 14, 19, -9, -2, 1]],
 [2062798901, [-1, 6, -7, -11, 16, 6, -8, -1, 1]],
 [2068038125, [1, 3, -6, -12, 13, 11, -9, -1, 1]],
 [2068190000, [1, 4, -7, -15, 10, 13, -5, -3, 1]],
 [2069158249, [1, -2, -9, 6, 19, -3, -9, 0, 1]],
 [2084926409, [-1, 8, -8, -18, 18, 8, -8, -1, 1]],
 [2121175625, [5, 10, -16, -21, 17, 12, -7, -2, 1]],
 [2127515625, [1, -36, 114, -102, -1, 36, -9, -3, 1]],
 [2127955625, [1, 4, -9, -10, 16, 7, -8, -1, 1]],
 [2144579840, [1, 6, 2, -18, -4, 16, -1, -4, 1]],
 [2147483648, [2, 0, -16, 0, 20, 0, -8, 0, 1]],
 [2152960000, [16, 0, -56, 0, 52, 0, -14, 0, 1]],
 [2178781184, [1, -2, -9, 4, 16, -2, -8, 0, 1]],
 [2215155625, [1, -13, 44, -45, -5, 25, -6, -3, 1]],
 [2233268125, [1, 9, 5, -25, -2, 20, -5, -3, 1]],
 [2241440000, [1, -4, -6, 20, 23, -6, -10, 0, 1]],
 [2246268125, [-1, 4, 3, -23, 11, 16, -8, -2, 1]],
 [2256866749, [1, 7, -7, -17, 11, 11, -6, -2, 1]],
 [2262505625, [4, -6, -21, 9, 25, -2, -9, 0, 1]],
 [2265893125, [-1, 15, -4, -31, 10, 18, -6, -3, 1]],
 [2266938253, [1, 5, -4, -16, 6, 13, -4, -3, 1]],
 [2318650669, [-1, 6, -1, -23, 3, 18, -5, -3, 1]],
 [2320488125, [-5, 20, -11, -29, 23, 10, -9, -1, 1]],
 [2328532629, [-1, -9, -19, 0, 24, 5, -9, -1, 1]],
 [2349018125, [-19, 55, 1, -68, 16, 26, -8, -3, 1]],
 [2349018125, [1, -1, -36, -16, 35, 9, -11, -1, 1]],
 [2355328125, [1, 9, -12, -25, 16, 15, -8, -2, 1]],
 [2392768125, [-1, 7, -10, -14, 20, 8, -9, -1, 1]],
 [2393655625, [1, 1, -13, 4, 23, -4, -12, 0, 1]],
 [2399807909, [1, -3, -10, 9, 17, -5, -9, 0, 1]],
 [2417468125, [-1, 10, -25, -5, 29, 0, -10, 0, 1]],
 [2444631757, [-1, 4, 2, -17, 1, 17, -5, -3, 1]],
 [2450570632, [4, 4, -21, -8, 25, 6, -9, -1, 1]],
 [2465278208, [-1, 8, -10, -16, 17, 10, -8, -2, 1]],
 [2470966973, [-1, 2, 13, -31, 8, 16, -7, -2, 1]],
 [2479301533, [1, -2, -13, -1, 20, 4, -8, -1, 1]],
 [2487461149, [1, 3, -6, -14, 16, 10, -9, -1, 1]],
 [2495071701, [-1, 6, 2, -20, 3, 15, -4, -3, 1]],
 [2530613125, [1, 5, -13, -9, 19, 6, -8, -1, 1]],
 [2532975661, [3, 7, -14, -15, 18, 8, -8, -1, 1]],
 [2542485248, [1, -2, -11, 6, 18, -2, -8, 0, 1]],
 [2542908293, [3, -2, -15, 6, 20, -3, -9, 0, 1]],
 [2554755625, [1, 0, -12, -6, 18, 6, -8, -1, 1]],
 [2556640000, [19, 0, -45, 0, 34, 0, -10, 0, 1]],
 [2562938261, [1, 1, -14, -1, 19, 0, -8, 0, 1]],
 [2565815069, [7, -2, -24, 4, 25, -1, -9, 0, 1]],
 [2576088125, [1, 23, -39, -21, 38, 8, -11, -1, 1]],
 [2585660609, [-1, 3, 6, -19, 1, 15, -4, -3, 1]],
 [2608270153, [-1, 12, 6, -28, -1, 20, -5, -3, 1]],
 [2620640000, [1, 4, -11, -18, 17, 16, -9, -2, 1]],
 [2621440000, [4, 0, -24, 0, 30, 0, -12, 0, 1]],
 [2626914089, [-1, -12, -20, 11, 25, -2, -9, 0, 1]],
 [2627982713, [-2, 5, 7, -18, -5, 16, -1, -4, 1]],
 [2668437008, [1, 1, -14, -4, 19, 4, -8, -1, 1]],
 [2693628125, [-1, -8, -11, 15, 21, -6, -10, 0, 1]],
 [2732361984, [1, 0, -11, 0, 24, 0, -11, 0, 1]],
 [2739213056, [1, 6, -21, -2, 25, 0, -9, 0, 1]],
 [2741766453, [-1, 3, 10, -19, -7, 17, -1, -4, 1]],
 [2762455625, [1, 4, -5, -20, 8, 15, -5, -3, 1]],
 [2766889313, [1, 6, -13, -10, 19, 6, -8, -1, 1]],
 [2769518125, [11, 31, -4, -45, 1, 23, -3, -4, 1]],
 [2769963125, [-1, 4, 3, -18, 3, 17, -5, -3, 1]],
 [2771060861, [-1, 8, 4, -30, 11, 15, -7, -2, 1]],
 [2774355625, [1, 9, 0, -24, 0, 18, -2, -4, 1]],
 [2796224461, [1, 8, -13, -15, 19, 7, -8, -1, 1]],
 [2805609761, [-1, 4, 4, -25, 11, 14, -7, -2, 1]],
 [2831389829, [1, -3, -12, 3, 18, -1, -8, 0, 1]],
 [2835513869, [1, -1, -12, 3, 18, -1, -8, 0, 1]],
 [2841328125, [1, 24, 2, -43, 0, 23, -3, -4, 1]],
 [2846393125, [1, 4, -13, -8, 21, 5, -9, -1, 1]],
 [2849314516, [-1, -8, -14, 7, 23, -1, -9, 0, 1]],
 [2866563125, [1, -2, -10, 11, 22, -3, -9, 0, 1]],
 [2885796416, [-1, 8, -10, -17, 18, 8, -8, -1, 1]],
 [2894508469, [1, 4, -12, -21, 11, 15, -5, -3, 1]],
 [2900425625, [1, 17, -5, -34, 14, 17, -8, -2, 1]],
 [2902574252, [2, 12, -1, -27, 4, 18, -5, -3, 1]],
 [2912882189, [1, 4, -6, -16, 15, 9, -8, -1, 1]],
 [2916175625, [-4, 22, 3, -40, 7, 21, -6, -3, 1]],
 [2916693125, [11, 3, -43, -19, 35, 13, -10, -2, 1]],
 [2924646400, [1, -2, -15, -8, 21, 12, -9, -2, 1]],
 [2941324032, [3, 0, -17, 0, 20, 0, -8, 0, 1]],
 [2942032141, [1, 5, -15, -10, 21, 6, -9, -1, 1]],
 [2952160000, [-11, 30, 0, -46, 16, 20, -9, -2, 1]],
 [2964819517, [-1, 7, 0, -19, 4, 14, -4, -3, 1]],
 [2965718125, [-1, -8, -15, 6, 25, 3, -9, -1, 1]],
 [2989732673, [-2, 9, -2, -23, 8, 16, -5, -3, 1]],
 [2991409557, [-1, 3, 7, -18, -7, 17, -1, -4, 1]],
 [2997902917, [-1, 7, -2, -19, 9, 12, -6, -2, 1]],
 [3000340853, [-1, 5, 7, -18, -7, 17, -1, -4, 1]],
 [3002738633, [-2, 7, 3, -20, 2, 15, -4, -3, 1]],
 [3025550441, [-1, 5, 2, -20, 3, 15, -4, -3, 1]],
 [3036495104, [-1, -6, -7, 12, 19, -4, -9, 0, 1]],
 [3038765625, [-5, -45, -90, -5, 61, 9, -14, -1, 1]],
 [3038894893, [-1, 1, 16, -30, 1, 19, -5, -3, 1]],
 [3042893125, [-1, 4, 10, -27, 0, 21, -6, -3, 1]],
 [3057647616, [1, 4, -4, -20, 4, 20, -4, -4, 1]],
 [3060003277, [-1, 6, -4, -22, 15, 17, -9, -2, 1]],
 [3074380625, [-1, -22, -47, 24, 45, -6, -13, 0, 1]],
 [3092403329, [1, 0, -9, 1, 20, -1, -9, 0, 1]],
 [3105918125, [11, 10, -35, -27, 33, 20, -9, -3, 1]],
 [3130854773, [1, 3, -9, -10, 18, 6, -8, -1, 1]],
 [3138800625, [-1, 1, 14, -22, -8, 20, -2, -4, 1]],
 [3157325749, [1, 2, -9, -16, 12, 13, -7, -2, 1]],
 [3162893453, [-1, 4, 3, -19, 1, 18, -5, -3, 1]],
 [3165465529, [1, 4, -4, -17, 5, 14, -4, -3, 1]],
 [3166163125, [1, 4, -10, -15, 17, 13, -8, -2, 1]],
 [3168218125, [-9, 36, -22, -37, 30, 11, -10, -1, 1]],
 [3175988125, [-1, 4, 5, -30, 19, 11, -9, -1, 1]],
 [3177232348, [-2, 8, 3, -31, 18, 12, -9, -1, 1]],
 [3178455625, [-1, 12, -20, -19, 25, 8, -9, -1, 1]],
 [3183707249, [-1, 2, 11, -22, -2, 17, -4, -3, 1]],
 [3192289949, [1, -3, -15, 4, 23, 2, -9, -1, 1]],
 [3195555625, [-4, 14, 3, -30, 5, 18, -5, -3, 1]],
 [3198048776, [1, 1, -10, -1, 18, 0, -8, 0, 1]],
 [3211043125, [1, 32, -12, -56, 21, 25, -11, -2, 1]],
 [3212905625, [-1, 4, 4, -22, 5, 16, -5, -3, 1]],
 [3215877669, [-1, 6, -6, -12, 15, 7, -8, -1, 1]],
 [3220755625, [-1, 15, 3, -31, 3, 19, -5, -3, 1]],
 [3230794909, [1, 0, -15, -3, 20, 4, -8, -1, 1]],
 [3234053989, [1, -1, -8, 3, 15, -2, -8, 0, 1]],
 [3238096133, [1, 4, -4, -15, 6, 13, -4, -3, 1]],
 [3254755625, [1, -3, -24, 5, 28, -2, -10, 0, 1]],
 [3257687621, [-1, 4, 4, -15, -4, 15, -1, -4, 1]],
 [3259039744, [-1, -8, -12, 12, 23, -4, -10, 0, 1]],
 [3259061648, [-1, 8, -12, -18, 19, 12, -8, -2, 1]],
 [3259743125, [1, -3, -14, 5, 23, -2, -10, 0, 1]],
 [3265449897, [-1, 4, 3, -18, 2, 15, -4, -3, 1]],
 [3266578125, [-5, 10, 25, -45, 1, 23, -6, -3, 1]],
 [3266578125, [1, -1, -25, -9, 29, 6, -10, -1, 1]],
 [3269913125, [-1, 30, -21, -61, 32, 22, -11, -2, 1]],
 [3276170849, [4, 14, -7, -31, 11, 20, -9, -2, 1]],
 [3279213125, [-1, 5, -1, -19, 7, 18, -6, -3, 1]],
 [3288334336, [2, 0, -16, 8, 24, -8, -12, 0, 1]],
 [3299645629, [1, 0, -10, 3, 18, -3, -9, 0, 1]],
 [3310338125, [-1, 7, -4, -21, 12, 15, -8, -2, 1]],
 [3317760000, [1, 0, -12, 0, 23, 0, -12, 0, 1]],
 [3318469993, [-1, 8, -14, -13, 22, 6, -9, -1, 1]],
 [3321961253, [-1, -6, -6, 14, 21, -3, -9, 0, 1]],
 [3322554617, [1, -1, -11, 4, 17, -2, -8, 0, 1]],
 [3326275625, [1, 3, -16, -7, 23, 6, -9, -1, 1]],
 [3353120768, [-1, 4, 10, -30, 8, 16, -7, -2, 1]],
 [3364000000, [25, 0, -100, 0, 70, 0, -15, 0, 1]],
 [3383544341, [9, 1, -33, -9, 28, 6, -9, -1, 1]],
 [3393564073, [2, 3, -12, -7, 18, 5, -8, -1, 1]],
 [3398745013, [1, 2, -16, -7, 20, 5, -8, -1, 1]],
 [3403568125, [1, 0, -14, -7, 21, 9, -8, -2, 1]],
 [3425010157, [1, -1, -22, 3, 25, -1, -9, 0, 1]],
 [3431805625, [-11, 65, -48, -53, 45, 13, -12, -1, 1]],
 [3434181533, [1, 5, -1, -20, 6, 15, -5, -3, 1]],
 [3444365829, [3, 12, -17, -21, 21, 10, -9, -1, 1]],
 [3454511209, [-1, 9, -4, -22, 11, 14, -7, -2, 1]],
 [3457193093, [1, 3, -5, -13, 11, 12, -7, -2, 1]],
 [3468046133, [1, 5, -2, -22, 12, 13, -7, -2, 1]],
 [3472809293, [-1, 5, -2, -16, 10, 13, -7, -2, 1]],
 [3490675625, [1, 20, -42, -49, 54, 14, -14, -1, 1]],
 [3501188125, [11, -18, -43, 17, 43, 1, -12, -1, 1]],
 [3505376069, [1, 1, -9, -7, 15, 6, -8, -1, 1]],
 [3509993125, [-4, 16, -5, -29, 15, 15, -8, -2, 1]],
 [3525955625, [-1, -10, -18, 8, 28, 2, -10, -1, 1]],
 [3526202389, [-1, 6, -2, -22, 13, 13, -7, -2, 1]],
 [3526418125, [-1, -27, -58, -4, 46, 7, -12, -1, 1]],
 [3530324069, [-1, 6, 3, -19, 0, 16, -4, -3, 1]],
 [3533663797, [-1, 4, 1, -16, 8, 13, -7, -2, 1]],
 [3534738125, [-1, 2, 17, -39, 11, 18, -8, -2, 1]],
 [3550178473, [-2, 11, -10, -18, 18, 8, -8, -1, 1]],
 [3550613125, [1, 11, 8, -41, 13, 18, -8, -2, 1]],
 [3557513125, [-1, 9, 12, -28, -8, 25, -6, -3, 1]],
 [3565084844, [1, 5, -18, -9, 23, 5, -9, -1, 1]],
 [3565818125, [-1, 3, 12, -28, 2, 18, -5, -3, 1]],
 [3575788453, [1, 1, -9, -10, 13, 11, -7, -2, 1]],
 [3578980625, [11, 6, -70, -44, 50, 20, -13, -2, 1]],
 [3585288125, [11, -2, -51, 3, 58, 6, -14, -1, 1]],
 [3588489216, [1, 0, -36, 0, 38, 0, -12, 0, 1]],
 [3595336441, [1, 1, -9, -6, 18, 5, -8, -1, 1]],
 [3600703125, [-9, 27, 3, -51, 10, 24, -7, -3, 1]],
 [3614510000, [1, 11, 6, -36, 3, 22, -6, -3, 1]],
 [3624143169, [1, 1, -10, -12, 15, 11, -8, -2, 1]],
 [3634372864, [-1, 2, 9, -16, -7, 16, -1, -4, 1]],
 [3637930169, [-1, 5, 2, -17, 1, 15, -4, -3, 1]],
 [3643040629, [-1, 3, 5, -16, -2, 16, -4, -3, 1]],
 [3645440000, [-1, -4, 10, 48, 37, -8, -12, 0, 1]],
 [3646106253, [-5, 24, -1, -39, 13, 18, -8, -2, 1]],
 [3648363125, [11, 15, -32, -34, 34, 19, -14, -1, 1]],
 [3652568125, [11, 21, -30, -41, 40, 12, -12, -1, 1]],
 [3659400848, [2, 12, 2, -26, -3, 19, -2, -4, 1]],
 [3665439973, [-1, 7, -10, -11, 18, 6, -8, -1, 1]],
 [3668864349, [1, 3, -9, -12, 18, 9, -9, -1, 1]],
 [3682515853, [-1, 5, 0, -17, 4, 14, -4, -3, 1]],
 [3692843125, [-1, -8, -14, 11, 30, 3, -10, -1, 1]],
 [3694956544, [1, 4, -14, -18, 16, 12, -7, -2, 1]],
 [3695128856, [1, 3, -6, -15, 9, 13, -5, -3, 1]],
 [3699491753, [1, 0, -10, -5, 17, 6, -8, -1, 1]],
 [3702055625, [-1, 24, -32, -26, 32, 9, -10, -1, 1]],
 [3718264013, [-1, 3, 7, -20, 0, 16, -4, -3, 1]],
 [3737423893, [1, 4, -5, -15, 10, 11, -6, -2, 1]],
 [3746366641, [1, -3, -9, 12, 20, -4, -9, 0, 1]],
 [3748580569, [-1, 7, -8, -20, 18, 12, -8, -2, 1]],
 [3755785029, [3, 6, -14, -14, 19, 7, -8, -1, 1]],
 [3757936536, [-2, 6, 5, -21, -2, 18, -2, -4, 1]],
 [3759247109, [1, 2, -15, -21, 16, 15, -8, -2, 1]],
 [3767113125, [1, -4, -12, 7, 22, -1, -9, 0, 1]],
 [3776552397, [-1, 1, 12, -21, -6, 19, -2, -4, 1]],
 [3776645709, [1, 0, -10, -6, 17, 9, -7, -2, 1]],
 [3778338125, [-5, 15, 1, -31, 11, 17, -8, -2, 1]],
 [3782005625, [-1, 6, -2, -20, 7, 16, -5, -3, 1]],
 [3783106469, [-1, 4, 1, -17, 10, 12, -7, -2, 1]],
 [3799122397, [-1, 24, -12, -35, 19, 15, -8, -2, 1]],
 [3831891788, [1, -1, -9, 2, 17, -1, -8, 0, 1]],
 [3837588125, [1, -26, -53, 10, 51, 5, -13, -1, 1]],
 [3838548709, [-1, 5, -1, -18, 9, 13, -7, -2, 1]],
 [3863290000, [1, -6, -16, 10, 23, -4, -10, 0, 1]],
 [3890373689, [-1, 10, -9, -24, 15, 13, -7, -2, 1]],
 [3891035269, [1, 3, -16, -9, 20, 6, -8, -1, 1]],
 [3891488125, [5, 0, -21, 2, 24, -1, -9, 0, 1]],
 [3891497101, [1, 1, -12, -16, 12, 14, -5, -3, 1]],
 [3902240000, [29, 0, -58, 0, 40, 0, -11, 0, 1]],
 [3914878013, [-1, 2, 9, -19, -3, 17, -4, -3, 1]],
 [3917778944, [-1, -14, -23, 12, 30, -2, -10, 0, 1]],
 [3920958829, [1, 5, -3, -24, 18, 11, -9, -1, 1]],
 [3920980625, [-1, 10, -4, -26, 10, 18, -6, -3, 1]],
 [3921346837, [1, 2, -9, -14, 11, 13, -5, -3, 1]],
 [3924816633, [1, -3, -9, 8, 18, -4, -9, 0, 1]],
 [3937009408, [-1, -6, -6, 14, 20, -4, -9, 0, 1]],
 [3948405248, [2, 0, -13, 0, 19, 0, -8, 0, 1]],
 [3950015625, [1, 12, 6, -44, 19, 18, -11, -1, 1]],
 [3953005625, [1, -2, -8, 9, 21, -2, -9, 0, 1]],
 [3961900621, [-1, 5, 4, -25, -5, 20, -2, -4, 1]],
 [3968205625, [1, 21, -15, -34, 20, 15, -8, -2, 1]],
 [3974831909, [1, -2, -13, -3, 19, 5, -8, -1, 1]],
 [3986872809, [-1, 10, -15, -19, 22, 9, -9, -1, 1]],
 [3987828477, [3, 9, -15, -18, 17, 11, -7, -2, 1]],
 [3992736365, [-1, -7, -10, 9, 19, -3, -9, 0, 1]],
 [3996755272, [2, 4, -9, -16, 11, 14, -5, -3, 1]],
 [3998957293, [1, 6, 0, -20, 3, 15, -4, -3, 1]],
 [4006036093, [-1, -9, -14, 13, 23, -3, -9, 0, 1]],
 [4011967493, [-1, 3, 6, -15, -5, 15, -1, -4, 1]],
 [4020505625, [11, 28, -33, -44, 30, 18, -10, -2, 1]],
 [4023462761, [1, -2, -13, 4, 19, -1, -8, 0, 1]],
 [4023966313, [4, -2, -19, 5, 24, -1, -9, 0, 1]],
 [4024890453, [-1, 1, 14, -26, -4, 23, -6, -3, 1]],
 [4029452288, [-1, 2, 11, -28, 7, 16, -7, -2, 1]],
 [4048150393, [-1, 15, 5, -32, -3, 20, -2, -4, 1]],
 [4067768581, [1, 14, -13, -27, 23, 10, -9, -1, 1]],
 [4071975625, [1, -1, -12, 9, 29, 3, -10, -1, 1]],
 [4073580625, [4, -2, -31, -11, 30, 11, -9, -2, 1]],
 [4079617513, [-2, -9, -6, 20, 24, -5, -10, 0, 1]],
 [4093410961, [-1, 7, -8, -19, 14, 12, -7, -2, 1]],
 [4094065613, [1, 0, -14, -5, 20, 5, -8, -1, 1]],
 [4099959469, [-1, 4, 8, -21, -2, 17, -4, -3, 1]],
 [4100338213, [-1, -6, -5, 19, 29, 1, -10, -1, 1]],
 [4104839645, [-1, 4, 3, -25, 19, 10, -9, -1, 1]],
 [4111968125, [1, 22, -28, -25, 30, 9, -10, -1, 1]],
 [4123312181, [-1, -7, -8, 14, 22, -3, -9, 0, 1]],
 [4123566236, [-2, 6, 5, -20, 0, 16, -4, -3, 1]],
 [4131242693, [-1, -6, -7, 11, 18, -4, -9, 0, 1]],
 [4132564509, [1, 0, -10, -5, 18, 5, -8, -1, 1]],
 [4133486744, [-1, 11, -11, -21, 16, 12, -7, -2, 1]],
 [4144875625, [4, 6, -21, -22, 29, 9, -10, -1, 1]],
 [4163475625, [1, 0, -15, 0, 57, 0, -15, 0, 1]],
 [4163475625, [-1, -7, 55, -82, 7, 38, -8, -4, 1]],
 [4164254269, [11, 4, -39, -1, 33, 0, -10, 0, 1]],
 [4171360000, [31, 0, -64, 0, 42, 0, -11, 0, 1]],
 [4177828125, [1, 8, 2, -55, 36, 15, -12, -1, 1]],
 [4186024957, [1, 0, -8, 1, 15, -1, -8, 0, 1]],
 [4186132321, [1, 12, -14, -24, 22, 10, -9, -1, 1]],
 [4193510757, [-1, 3, 6, -16, -4, 17, -4, -3, 1]],
 [4197503125, [-1, -11, -31, -15, 31, 13, -10, -2, 1]],
 [4202126273, [1, 2, -9, -8, 18, 6, -8, -1, 1]],
 [4202425625, [-1, 3, 11, -32, 9, 18, -8, -2, 1]],
 [4211753125, [-1, 8, -3, -23, 14, 15, -8, -2, 1]],
 [4222810861, [-1, 4, 2, -20, 11, 13, -7, -2, 1]],
 [4225613125, [1, 5, -11, -24, 22, 12, -10, -1, 1]],
 [4229838125, [-1, -9, -21, 3, 29, 4, -10, -1, 1]],
 [4230320128, [-1, 6, -5, -16, 13, 12, -7, -2, 1]],
 [4231416989, [-1, 4, 7, -23, 0, 20, -3, -4, 1]],
 [4234655773, [-5, 12, 8, -29, 1, 19, -5, -3, 1]],
 [4236282941, [1, 4, -11, -20, 11, 15, -5, -3, 1]],
 [4241058793, [1, 4, -5, -19, 13, 12, -7, -2, 1]],
 [4241268125, [11, -3, -57, -26, 41, 15, -11, -2, 1]],
 [4251183281, [1, 10, -16, -18, 24, 10, -10, -1, 1]],
 [4261954573, [1, 7, -4, -20, 8, 15, -7, -2, 1]],
 [4266263413, [1, -3, -14, -1, 20, 4, -8, -1, 1]],
 [4267043125, [1, 11, -13, -23, 18, 16, -7, -3, 1]],
 [4267323629, [1, 6, -1, -19, 3, 15, -4, -3, 1]],
 [4277378125, [-1, 11, -12, -23, 24, 10, -10, -1, 1]],
 [4281400349, [-1, 7, -7, -20, 13, 13, -7, -2, 1]],
 [4281821693, [-1, 4, 4, -19, 2, 17, -7, -2, 1]],
 [4287217589, [1, -2, -14, 3, 19, -1, -8, 0, 1]],
 [4296500156, [-4, 12, 3, -29, 8, 18, -8, -2, 1]],
 [4297104685, [-1, 8, -12, -15, 21, 7, -9, -1, 1]],
 [4303360000, [4, 8, -34, -8, 43, 4, -14, 0, 1]],
 [4314289249, [-1, 5, -2, -16, 12, 12, -7, -2, 1]],
 [4315952181, [-9, 24, 11, -43, 4, 22, -6, -3, 1]],
 [4319825813, [1, -10, -19, 12, 24, -3, -9, 0, 1]],
 [4321163125, [-19, -92, -111, 13, 68, 6, -14, -1, 1]],
 [4325288893, [1, 2, -11, -21, 9, 16, -5, -3, 1]],
 [4328701841, [2, -1, -11, 3, 18, -2, -9, 0, 1]],
 [4330699253, [-1, 8, -10, -15, 18, 7, -8, -1, 1]],
 [4332096125, [-1, 9, -8, -20, 21, 9, -9, -1, 1]],
 [4341525625, [1, 14, 2, -32, 2, 22, -6, -3, 1]],
 [4344788093, [1, 7, -3, -19, 5, 14, -4, -3, 1]],
 [4352618125, [1, 5, -1, -19, 1, 17, -2, -4, 1]],
 [4356526633, [1, 6, -11, -16, 18, 8, -8, -1, 1]],
 [4360215869, [-1, -8, -14, 11, 22, -3, -9, 0, 1]],
 [4364396873, [1, -1, -9, 1, 18, 3, -8, -1, 1]],
 [4367738125, [-1, 7, 0, -22, 6, 19, -6, -3, 1]],
 [4369760000, [-1, 10, -13, -24, 18, 14, -8, -2, 1]],
 [4371555013, [-1, 10, 7, -32, 3, 19, -5, -3, 1]],
 [4375044389, [1, -2, -21, -23, 15, 17, -6, -3, 1]],
 [4377930625, [19, 45, -11, -58, 5, 26, -4, -4, 1]],
 [4380262072, [-4, -24, -35, 15, 37, -2, -11, 0, 1]],
 [4384329728, [-1, 8, -6, -18, 14, 12, -7, -2, 1]],
 [4387114648, [-1, 18, 3, -34, 4, 19, -5, -3, 1]],
 [4387968125, [-1, -11, -27, 4, 32, 4, -10, -1, 1]],
 [4400778125, [1, 15, -17, -24, 24, 9, -9, -1, 1]],
 [4405460181, [1, 2, -8, -11, 14, 9, -7, -2, 1]],
 [4405888909, [-1, 7, -9, -11, 17, 6, -8, -1, 1]],
 [4407890000, [-1, 10, -11, -17, 20, 9, -9, -1, 1]],
 [4414130681, [-1, -8, -12, 13, 21, -4, -9, 0, 1]],
 [4415815897, [1, 1, -8, -3, 15, 3, -8, -1, 1]],
 [4417613125, [1, -6, -22, 4, 29, 3, -10, -1, 1]],
 [4419175625, [-1, 8, -12, -18, 23, 8, -9, -1, 1]],
 [4422703628, [-2, 8, -1, -21, 9, 14, -7, -2, 1]],
 [4424390000, [-4, 12, 4, -30, 5, 20, -6, -3, 1]],
 [4430953125, [-29, 51, 28, -75, 6, 30, -8, -3, 1]],
 [4445588125, [1, 6, -2, -21, 7, 15, -5, -3, 1]],
 [4455061333, [1, -1, -15, 0, 21, 2, -9, -1, 1]],
 [4458362541, [1, -1, -10, 3, 18, -1, -8, 0, 1]],
 [4463528309, [-1, 3, 5, -14, -5, 15, -1, -4, 1]],
 [4476760532, [1, 5, -3, -18, 5, 14, -4, -3, 1]],
 [4478495993, [1, -1, -14, -9, 20, 8, -9, -1, 1]],
 [4484000000, [1, -4, -26, -18, 24, 14, -9, -2, 1]],
 [4486891776, [-1, 2, 8, -16, -6, 16, -1, -4, 1]],
 [4493628416, [2, 0, -14, -6, 20, 8, -8, -2, 1]],
 [4496326676, [-1, 4, 8, -19, -7, 17, -1, -4, 1]],
 [4499526509, [-1, 12, -16, -15, 23, 7, -9, -1, 1]],
 [4503870053, [-1, 8, 1, -21, 3, 15, -4, -3, 1]],
 [4504080625, [16, 8, -44, -14, 37, 7, -11, -1, 1]],
 [4504413125, [1, 6, -4, -21, 8, 17, -6, -3, 1]],
 [4508955625, [1, 7, -3, -21, 5, 17, -5, -3, 1]],
 [4521675625, [1, -4, -11, 10, 22, -4, -10, 0, 1]],
 [4539693125, [-1, 7, -5, -19, 20, 8, -9, -1, 1]],
 [4556643125, [-1, 36, -24, -51, 27, 23, -9, -3, 1]],
 [4563402752, [-1, -8, 4, 48, 38, -8, -12, 0, 1]],
 [4564266541, [1, 7, -4, -23, 13, 13, -7, -2, 1]],
 [4567155625, [19, 18, -50, -26, 43, 10, -13, -1, 1]],
 [4579293125, [19, -13, -54, 8, 40, -1, -11, 0, 1]],
 [4616800873, [1, 3, -11, -14, 18, 10, -8, -2, 1]],
 [4618759637, [1, -1, -14, 3, 21, -1, -9, 0, 1]],
 [4621311281, [-1, 5, 8, -25, -2, 20, -5, -3, 1]],
 [4622817581, [-1, 4, 5, -16, -4, 15, -1, -4, 1]],
 [4624315625, [-1, 2, 20, -35, -4, 26, -7, -3, 1]],
 [4632016409, [1, 7, -13, -13, 18, 7, -8, -1, 1]],
 [4636905452, [5, 19, -5, -37, 7, 21, -6, -3, 1]],
 [4647835621, [1, -2, -17, 4, 24, -1, -9, 0, 1]],
 [4661442029, [-1, 2, 9, -16, -8, 17, -1, -4, 1]],
 [4661475513, [3, 3, -17, -7, 20, 5, -8, -1, 1]],
 [4673390000, [-1, 7, -8, -22, 22, 17, -10, -2, 1]],
 [4683085201, [4, 5, -18, -12, 22, 7, -9, -1, 1]],
 [4683958472, [1, 0, -10, -1, 24, -1, -10, 0, 1]],
 [4687218269, [1, 3, -6, -14, 12, 12, -9, -1, 1]],
 [4693607657, [8, 5, -25, -11, 25, 6, -9, -1, 1]],
 [4705334741, [-7, 29, -3, -43, 17, 17, -8, -2, 1]],
 [4709390625, [1, -16, -100, -4, 69, 6, -15, -1, 1]],
 [4714330625, [11, 36, -65, -54, 50, 20, -13, -2, 1]],
 [4717555733, [1, 3, -12, -5, 18, 4, -8, -1, 1]],
 [4720313125, [-1, 3, 13, -25, -7, 24, -6, -3, 1]],
 [4724843125, [-19, -82, -63, 49, 56, -7, -14, 0, 1]],
 [4724843125, [1, 35, 10, -82, 18, 30, -9, -3, 1]],
 [4742859957, [3, 0, -16, 2, 21, -1, -9, 0, 1]],
 [4749949448, [-2, 6, 7, -29, 10, 15, -7, -2, 1]],
 [4751171533, [1, 0, -11, -5, 19, 5, -8, -1, 1]],
 [4754078125, [1, -1, -12, -5, 21, 10, -8, -2, 1]],
 [4755026293, [7, -4, -27, 4, 26, -1, -9, 0, 1]],
 [4755391829, [-1, 6, -5, -17, 12, 12, -7, -2, 1]],
 [4756810000, [-5, 15, 14, -36, -3, 24, -6, -3, 1]],
 [4777405625, [11, 37, -21, -70, 31, 26, -12, -2, 1]],
 [4794401341, [1, 19, -22, -24, 25, 9, -9, -1, 1]],
 [4795184529, [-1, 5, 0, -21, 4, 17, -5, -3, 1]],
 [4796880589, [-1, 7, -9, -17, 17, 11, -8, -2, 1]],
 [4801996709, [-1, 9, -8, -18, 16, 9, -8, -1, 1]],
 [4803391781, [-1, -7, -9, 11, 19, -4, -9, 0, 1]],
 [4805903125, [1, 5, -12, -14, 19, 9, -9, -1, 1]],
 [4812323273, [4, -6, -25, 6, 30, -1, -10, 0, 1]],
 [4818084473, [2, 1, -16, -14, 17, 11, -7, -2, 1]],
 [4818796544, [2, 12, 2, -28, -4, 20, -2, -4, 1]],
 [4818846517, [-1, -10, -15, 14, 24, -3, -9, 0, 1]],
 [4819830625, [4, -2, -25, 4, 33, 0, -13, -1, 1]],
 [4831330625, [1, 6, -4, -25, 20, 10, -9, -1, 1]],
 [4834580389, [3, 8, -13, -22, 23, 9, -9, -1, 1]],
 [4835343125, [1, 5, -20, -23, 23, 15, -9, -2, 1]],
 [4845729853, [1, 2, -13, -1, 19, 0, -8, 0, 1]],
 [4848615424, [1, 0, -8, 0, 16, 0, -8, 0, 1]],
 [4850993125, [19, 10, -59, -34, 40, 17, -11, -2, 1]],
 [4885326837, [3, 6, -18, -11, 23, 7, -9, -1, 1]],
 [4888199753, [1, -2, -15, -4, 20, 5, -8, -1, 1]],
 [4893521769, [3, 6, -18, -33, 12, 22, -7, -3, 1]],
 [4893898789, [-3, 17, -14, -26, 26, 12, -11, -1, 1]],
 [4900437889, [-1, 4, 3, -26, 20, 12, -10, -1, 1]],
 [4915441909, [-1, 6, -3, -17, 9, 14, -5, -3, 1]],
 [4930800625, [1, 5, -1, -22, 6, 21, -10, -2, 1]],
 [4935925625, [11, 16, -27, -26, 23, 13, -8, -2, 1]],
 [4936031993, [1, 3, -8, -15, 17, 8, -8, -1, 1]],
 [4944863125, [1, 1, -13, -15, 22, 8, -9, -1, 1]],
 [4946463125, [1, 4, -3, -17, 7, 17, -6, -3, 1]],
 [4951994757, [-1, -8, -17, 4, 30, -1, -11, 0, 1]],
 [4956160000, [1, 0, -10, 0, 22, 0, -10, 0, 1]],
 [4963211273, [1, 6, -5, -25, 19, 11, -9, -1, 1]],
 [4966630625, [16, 16, -40, -30, 33, 15, -10, -2, 1]],
 [4967755928, [-2, 10, -7, -19, 18, 10, -9, -1, 1]],
 [4969201337, [-1, 5, 2, -24, -3, 19, -2, -4, 1]],
 [4979363125, [1, -26, 83, -79, -2, 32, -8, -3, 1]],
 [4980119673, [-1, 9, -20, -2, 29, 0, -10, 0, 1]],
 [5004475625, [19, 27, -38, -49, 29, 25, -10, -3, 1]],
 [5006647837, [1, 3, -17, -3, 23, 0, -9, 0, 1]],
 [5013316541, [-1, -7, -11, 8, 23, 2, -9, -1, 1]],
 [5014790000, [1, 9, 9, -43, 12, 21, -9, -2, 1]],
 [5014844557, [1, 2, -9, -13, 12, 12, -7, -2, 1]],
 [5016268125, [11, 15, -24, -27, 21, 14, -8, -2, 1]],
 [5022105013, [1, 6, -12, -14, 19, 7, -8, -1, 1]],
 [5025630133, [-1, -8, -14, 7, 25, 3, -9, -1, 1]],
 [5036107337, [1, 3, -15, -7, 21, 5, -9, -1, 1]],
 [5049330625, [-1, 10, -18, -12, 28, 7, -10, -1, 1]],
 [5052565625, [4, 14, -5, -35, 1, 22, -3, -4, 1]],
 [5054762873, [2, 3, -15, -6, 20, 5, -8, -1, 1]],
 [5065619913, [2, 7, -15, -15, 19, 10, -8, -2, 1]],
 [5067550625, [11, 23, -79, -42, 59, 18, -14, -2, 1]],
 [5069440000, [4, 0, -22, 0, 25, 0, -9, 0, 1]],
 [5082034313, [1, 5, -1, -21, 4, 19, -8, -2, 1]],
 [5082746069, [-1, 4, 6, -18, -3, 17, -4, -3, 1]],
 [5083381673, [1, 5, -2, -20, 9, 14, -7, -2, 1]],
 [5086173793, [1, 4, -6, -15, 13, 12, -7, -2, 1]],
 [5089078125, [-59, 104, 19, -102, 19, 31, -9, -3, 1]],
 [5089508557, [-1, 5, -1, -19, 9, 14, -7, -2, 1]],
 [5089869321, [-1, 6, 0, -22, 6, 22, -5, -4, 1]],
 [5092780625, [11, 39, -38, -58, 41, 20, -14, -1, 1]],
 [5093838125, [-1, 2, 10, -27, 6, 19, -6, -3, 1]],
 [5097727709, [5, 8, -15, -19, 16, 12, -7, -2, 1]],
 [5101530625, [1, -1, -9, 3, 21, 3, -9, -1, 1]],
 [5101863913, [1, 3, -24, -13, 26, 7, -9, -1, 1]],
 [5105188717, [-1, 16, -38, -11, 40, 5, -12, -1, 1]],
 [5115620288, [-1, 9, -10, -16, 17, 8, -8, -1, 1]],
 [5120000000, [5, 0, -20, 0, 25, 0, -10, 0, 1]],
 [5122705625, [11, 6, -32, -12, 30, 6, -10, -1, 1]],
 [5124133137, [3, -6, -26, 0, 27, 4, -9, -1, 1]],
 [5126013125, [1, 10, -3, -26, 4, 19, -3, -4, 1]],
 [5126213125, [-1, 3, 15, -40, 4, 22, -6, -3, 1]],
 [5135188841, [2, -1, -14, 0, 19, 0, -8, 0, 1]],
 [5140640000, [-1, 0, 19, -28, -10, 26, -4, -4, 1]],
 [5143040000, [1, 2, -9, -12, 15, 12, -9, -2, 1]],
 [5157820677, [-3, 12, 1, -33, 17, 15, -10, -1, 1]],
 [5157880625, [1, 4, -8, -13, 16, 10, -9, -1, 1]],
 [5168481737, [5, -1, -22, 0, 25, 0, -9, 0, 1]],
 [5174713673, [1, 3, -7, -13, 11, 13, -5, -3, 1]],
 [5183366201, [2, 5, -8, -16, 11, 13, -7, -2, 1]],
 [5184000000, [1, -12, -20, 58, 44, -28, -15, 2, 1]],
 [5184000000, [16, 0, -64, 0, 56, 0, -14, 0, 1]],
 [5192943317, [-1, 31, -24, -36, 30, 11, -10, -1, 1]],
 [5200637173, [4, 3, -17, -9, 20, 6, -8, -1, 1]],
 [5203992905, [-7, 25, 3, -43, 14, 18, -8, -2, 1]],
 [5208040000, [4, 8, -18, -20, 27, 8, -10, -1, 1]],
 [5208516053, [7, 12, -25, -21, 26, 10, -10, -1, 1]],
 [5220882053, [-1, 5, 4, -19, 0, 16, -4, -3, 1]],
 [5222224169, [-1, 4, 4, -27, 16, 12, -9, -1, 1]],
 [5236128125, [1, 3, -9, -12, 19, 13, -9, -2, 1]],
 [5240022544, [1, -1, -11, 1, 24, 1, -11, -1, 1]],
 [5244579113, [-1, 8, -14, -9, 22, 5, -9, -1, 1]],
 [5262093125, [1, 1, -22, -7, 30, 6, -10, -1, 1]],
 [5271062141, [1, 3, -14, -6, 20, 5, -8, -1, 1]],
 [5273993125, [-16, -60, -49, 35, 45, -5, -12, 0, 1]],
 [5274689417, [-13, 56, -31, -49, 36, 13, -11, -1, 1]],
 [5292617977, [1, 3, -6, -16, 9, 14, -7, -2, 1]],
 [5293236293, [5, -1, -23, -1, 26, 4, -9, -1, 1]],
 [5320291609, [-1, 6, -1, -22, 10, 16, -8, -2, 1]],
 [5331393125, [1, -3, -8, 11, 21, -3, -9, 0, 1]],
 [5339856133, [1, -1, -8, 3, 16, -1, -8, 0, 1]],
 [5341640776, [-1, -19, -32, 13, 32, -2, -10, 0, 1]],
 [5349944648, [-2, 6, 7, -35, 23, 12, -10, -1, 1]],
 [5355635869, [1, 1, -8, -6, 16, 5, -8, -1, 1]],
 [5358270208, [5, -4, -22, 6, 24, -2, -9, 0, 1]],
 [5360950069, [1, 0, -11, -9, 16, 10, -7, -2, 1]],
 [5361900625, [1, 0, -37, 0, 68, 0, -17, 0, 1]],
 [5361900625, [-11, 45, -21, -76, 47, 32, -16, -2, 1]],
 [5366498389, [1, -6, -27, -15, 23, 12, -8, -2, 1]],
 [5381446753, [1, 11, 3, -25, -2, 18, -2, -4, 1]],
 [5382925625, [16, 24, -32, -44, 23, 22, -8, -3, 1]],
 [5386518125, [-9, 30, 5, -53, 18, 20, -9, -2, 1]],
 [5389538125, [1, 1, -12, 2, 22, -1, -9, 0, 1]],
 [5404447181, [7, 14, -23, -27, 21, 14, -8, -2, 1]],
 [5406359969, [1, 9, -11, -23, 15, 13, -7, -2, 1]],
 [5408238224, [-1, 7, -11, -9, 20, 5, -9, -1, 1]],
 [5410468125, [1, 12, -21, -16, 25, 7, -9, -1, 1]],
 [5413793493, [-3, 16, -8, -26, 15, 13, -7, -2, 1]],
 [5414463125, [19, -14, -65, -1, 52, 11, -12, -2, 1]],
 [5426388961, [1, 3, -14, -18, 16, 12, -7, -2, 1]],
 [5427405821, [1, 2, -11, -7, 17, 5, -8, -1, 1]],
 [5429057216, [11, 0, -39, 0, 33, 0, -10, 0, 1]],
 [5430824704, [-1, 4, 2, -18, 8, 14, -7, -2, 1]],
 [5433768125, [-1, 36, -24, -47, 35, 13, -11, -1, 1]],
 [5438803968, [1, 6, -12, -16, 19, 12, -8, -2, 1]],
 [5444000000, [1, 12, 7, -30, -4, 20, -2, -4, 1]],
 [5446353933, [-1, 12, -8, -23, 14, 13, -7, -2, 1]],
 [5447417489, [1, 0, -12, 4, 24, 3, -9, -1, 1]],
 [5447588581, [1, 5, -6, -15, 10, 11, -6, -2, 1]],
 [5451931001, [-4, 13, 2, -30, 11, 15, -7, -2, 1]],
 [5464182341, [1, 5, -15, -10, 20, 6, -8, -1, 1]],
 [5473632256, [2, -4, -14, 16, 27, -12, -14, 0, 1]],
 [5474855168, [1, -4, -10, 10, 19, -6, -10, 0, 1]],
 [5478488669, [-1, 6, -5, -18, 15, 11, -9, -1, 1]],
 [5490243125, [1, 2, -15, -15, 23, 10, -10, -1, 1]],
 [5498521993, [2, -1, -14, 3, 19, -1, -8, 0, 1]],
 [5501092501, [1, 0, -11, 3, 18, -1, -8, 0, 1]],
 [5502768125, [-11, -78, -85, 31, 65, 3, -14, -1, 1]],
 [5503493013, [-3, 15, -2, -33, 12, 20, -8, -3, 1]],
 [5510238208, [-1, -6, -1, 28, 26, -6, -10, 0, 1]],
 [5516960000, [41, 0, -77, 0, 48, 0, -12, 0, 1]],
 [5526234685, [5, 10, -14, -25, 14, 17, -6, -3, 1]],
 [5531070593, [-2, 7, 3, -26, 11, 14, -7, -2, 1]],
 [5532168125, [1, 5, -3, -22, 13, 13, -7, -2, 1]],
 [5543580625, [4, 0, -21, -2, 25, 4, -9, -1, 1]],
 [5550193609, [-1, 7, -5, -19, 16, 9, -8, -1, 1]],
 [5552640000, [1, 6, -9, -28, 6, 22, -4, -4, 1]],
 [5557284956, [2, 4, -13, -9, 19, 6, -8, -1, 1]],
 [5560969213, [-1, 9, -12, -32, 12, 19, -6, -3, 1]],
 [5564148209, [2, 3, -18, -10, 23, 10, -8, -2, 1]],
 [5572150625, [-29, 116, -27, -106, 43, 28, -13, -2, 1]],
 [5575489693, [1, 5, -7, -16, 13, 12, -9, -1, 1]],
 [5577751133, [1, -1, -24, -10, 25, 7, -9, -1, 1]],
 [5580089993, [-1, -10, -21, 14, 31, -4, -11, 0, 1]],
 [5583438125, [11, 14, -25, -25, 22, 13, -8, -2, 1]],
 [5595250625, [1, -5, -21, -4, 27, 7, -10, -1, 1]],
 [5595409389, [-1, 5, 4, -26, 6, 23, -5, -4, 1]],
 [5602940713, [1, 4, -4, -16, 8, 15, -5, -3, 1]],
 [5604893317, [1, 3, -6, -12, 14, 10, -9, -1, 1]],
 [5609756224, [-1, 17, -14, -27, 23, 10, -9, -1, 1]],
 [5613363125, [9, 18, -17, -35, 13, 19, -6, -3, 1]],
 [5623910000, [-1, 1, 28, -62, 18, 23, -10, -2, 1]],
 [5632600493, [1, 5, -1, -21, 7, 17, -8, -2, 1]],
 [5634560000, [-1, 30, 1, -52, 2, 26, -4, -4, 1]],
 [5642170453, [-1, 3, 6, -17, -3, 16, -2, -4, 1]],
 [5656027673, [2, -3, -14, 9, 30, 3, -10, -1, 1]],
 [5660455625, [1, 39, -12, -70, 25, 28, -10, -3, 1]],
 [5669649085, [-1, -1, 21, -32, -1, 20, -5, -3, 1]],
 [5670338048, [-1, 6, 9, -24, -7, 20, -2, -4, 1]],
 [5673900213, [1, -1, -14, -7, 21, 10, -8, -2, 1]],
 [5688779281, [-1, 13, -4, -29, 8, 17, -5, -3, 1]],
 [5691938125, [-1, 3, 10, -22, -8, 23, -3, -4, 1]],
 [5695913125, [1, -8, -3, 36, 32, -7, -11, 0, 1]],
 [5702046317, [1, 4, -17, -18, 20, 12, -8, -2, 1]],
 [5709519272, [-8, 16, 15, -41, 3, 22, -6, -3, 1]],
 [5717964557, [1, 4, -2, -15, 1, 15, -2, -4, 1]],
 [5738318141, [-1, -6, -6, 13, 17, -7, -10, 0, 1]],
 [5741375625, [1, -13, -27, 22, 34, -7, -12, 0, 1]],
 [5743757273, [1, 6, -3, -18, 5, 14, -4, -3, 1]],
 [5743892149, [-1, 5, 0, -20, 3, 17, -5, -3, 1]],
 [5753972321, [-1, -8, -15, 4, 24, 4, -9, -1, 1]],
 [5755210117, [7, -12, -38, 7, 33, -1, -10, 0, 1]],
 [5756870513, [1, 0, -10, -6, 17, 8, -9, -1, 1]],
 [5767613693, [9, 2, -29, -6, 27, 5, -9, -1, 1]],
 [5768948828, [1, 3, -7, -13, 13, 13, -6, -3, 1]],
 [5770093381, [3, 4, -13, -14, 16, 11, -7, -2, 1]],
 [5771303741, [1, 4, -6, -15, 14, 13, -10, -1, 1]],
 [5771888125, [19, 81, -26, -97, 17, 35, -7, -4, 1]],
 [5772515625, [1, -8, -44, -14, 39, 8, -11, -1, 1]],
 [5773698613, [1, -5, -25, -13, 23, 11, -8, -2, 1]],
 [5775198473, [-1, 7, -11, -10, 24, 5, -10, -1, 1]],
 [5777265032, [1, 7, 2, -31, 10, 18, -8, -2, 1]],
 [5780865024, [1, 0, -8, 0, 15, 0, -8, 0, 1]],
 [5782564993, [4, 0, -23, -1, 29, 0, -11, 0, 1]],
 [5782698473, [2, 1, -11, -4, 17, 4, -8, -1, 1]],
 [5784315625, [-1, -9, -19, 10, 26, -3, -10, 0, 1]],
 [5787158528, [2, 10, 2, -26, 1, 19, -5, -3, 1]],
 [5795329661, [-1, 10, -5, -27, 21, 10, -9, -1, 1]],
 [5799605625, [-1, 8, -6, -27, 22, 14, -11, -1, 1]],
 [5810588125, [-11, 27, 13, -48, 6, 22, -6, -3, 1]],
 [5814550625, [-4, 30, -7, -47, 14, 22, -7, -3, 1]],
 [5815464509, [-1, 7, -3, -20, 12, 13, -9, -1, 1]],
 [5817206249, [1, 8, -8, -20, 15, 12, -9, -1, 1]],
 [5818143125, [19, 35, -54, -44, 40, 17, -11, -2, 1]],
 [5818393125, [1, 7, 2, -35, 20, 14, -10, -1, 1]],
 [5844793989, [1, 1, -8, -5, 16, 4, -8, -1, 1]],
 [5848453125, [-5, 50, -35, -50, 36, 17, -11, -2, 1]],
 [5849680625, [19, 82, -22, -106, 19, 38, -8, -4, 1]],
 [5855099533, [1, 20, -11, -33, 18, 15, -8, -2, 1]],
 [5855950901, [-1, 7, -10, -13, 19, 10, -8, -2, 1]],
 [5855957804, [-2, 4, 9, -19, -6, 18, -2, -4, 1]],
 [5859108169, [-1, 9, -12, -15, 19, 7, -8, -1, 1]],
 [5859828125, [-1, 5, 7, -24, 0, 19, -5, -3, 1]],
 [5861697289, [1, -4, -12, 9, 23, -2, -9, 0, 1]],
 [5862290149, [3, -8, -25, 6, 26, -1, -9, 0, 1]],
 [5866500625, [11, 14, -62, -64, 43, 32, -13, -3, 1]],
 [5871158517, [-1, 1, 16, -33, -2, 23, -4, -4, 1]],
 [5878828125, [-9, -54, -78, 3, 55, 7, -13, -1, 1]],
 [5887339441, [-1, 32, -23, -41, 32, 13, -11, -1, 1]],
 [5889368125, [-1, 5, 7, -37, 23, 12, -10, -1, 1]],
 [5897333045, [1, 1, -11, 1, 17, -1, -8, 0, 1]],
 [5898240000, [9, 0, -30, 0, 29, 0, -10, 0, 1]],
 [5898604544, [1, 4, -4, -18, 12, 12, -7, -2, 1]],
 [5904800000, [-1, 4, 13, -26, -6, 20, -2, -4, 1]],
 [5910106112, [1, 2, -15, -14, 22, 10, -9, -2, 1]],
 [5921202373, [3, -5, -18, 8, 22, -3, -9, 0, 1]],
 [5924390625, [1, 14, 19, -57, 4, 31, -9, -3, 1]],
 [5930319601, [-11, 25, 12, -55, 18, 20, -9, -2, 1]],
 [5932436101, [1, 1, -9, -8, 15, 8, -9, -1, 1]],
 [5941190000, [-1, 12, -24, -19, 30, 8, -10, -1, 1]],
 [5942952448, [-1, 4, 6, -18, -5, 16, -1, -4, 1]],
 [5947755497, [1, 3, -6, -13, 9, 13, -6, -3, 1]],
 [5952827537, [-1, 6, -2, -23, 7, 16, -5, -3, 1]],
 [5956940189, [8, 10, -23, -21, 22, 12, -8, -2, 1]],
 [5962123901, [1, -1, -16, -12, 22, 8, -9, -1, 1]],
 [5963457517, [3, 5, -14, -16, 22, 8, -9, -1, 1]],
 [5981528125, [1, -5, -17, 1, 24, 4, -9, -1, 1]],
 [5984805625, [-1, 36, -34, -38, 35, 12, -11, -1, 1]],
 [5991933493, [-1, 1, 10, -15, -9, 17, -1, -4, 1]],
 [6002458048, [-1, 7, 1, -20, 3, 15, -4, -3, 1]],
 [6038055625, [1, -3, -9, 10, 23, -2, -10, 0, 1]],
 [6038358141, [-1, -8, -11, 12, 22, -3, -9, 0, 1]],
 [6041282053, [-1, 7, -4, -24, 8, 16, -5, -3, 1]],
 [6054023168, [1, 2, -23, 6, 29, -2, -10, 0, 1]],
 [6058382869, [-1, 7, 2, -21, 0, 17, -2, -4, 1]],
 [6066509993, [1, 3, -7, -12, 11, 10, -6, -2, 1]],
 [6069963125, [1, -10, -14, 25, 32, -5, -11, 0, 1]],
 [6072654149, [-1, 18, -7, -33, 12, 18, -6, -3, 1]],
 [6077165293, [1, 6, -19, -9, 25, 6, -9, -1, 1]],
 [6081295177, [3, 5, -14, -18, 20, 12, -9, -2, 1]],
 [6086322829, [1, 2, -13, -7, 19, 5, -8, -1, 1]],
 [6089335909, [-1, 6, -1, -23, 19, 10, -9, -1, 1]],
 [6095593125, [-9, 24, 4, -43, 12, 21, -9, -2, 1]],
 [6097321181, [-1, 5, 3, -18, -1, 17, -3, -4, 1]],
 [6101352749, [1, 7, 0, -26, 10, 15, -7, -2, 1]],
 [6103355625, [-1, 4, 5, -22, 0, 21, -6, -3, 1]],
 [6110355625, [4, -6, -27, 4, 32, 4, -10, -1, 1]],
 [6111100928, [-1, -12, -38, -32, 21, 24, -6, -4, 1]],
 [6116268853, [1, 3, -5, -14, 9, 14, -5, -3, 1]],
 [6119031381, [-3, 9, 4, -24, 3, 17, -5, -3, 1]],
 [6120603648, [1, -8, -14, 24, 37, -4, -12, 0, 1]],
 [6134925625, [-1, 10, 19, -44, 2, 23, -6, -3, 1]],
 [6152203125, [1, 16, -27, -35, 26, 20, -8, -3, 1]],
 [6156668249, [4, 10, -9, -24, 9, 16, -5, -3, 1]],
 [6160833452, [-1, 2, 9, -17, -8, 17, -1, -4, 1]],
 [6162939189, [-1, 5, -1, -18, 8, 15, -5, -3, 1]],
 [6163136081, [-1, 3, 9, -23, -4, 19, -2, -4, 1]],
 [6163810841, [1, 5, 0, -19, 2, 17, -5, -3, 1]],
 [6164565589, [-1, 20, -20, -25, 25, 9, -9, -1, 1]],
 [6172024701, [1, 4, -8, -18, 21, 13, -9, -2, 1]],
 [6200229888, [-2, 16, -32, 0, 34, -4, -12, 0, 1]],
 [6202520893, [-1, 7, -8, -15, 16, 8, -8, -1, 1]],
 [6208655641, [-1, 10, 1, -30, 9, 18, -6, -3, 1]],
 [6213413125, [29, 58, -18, -69, 8, 29, -5, -4, 1]],
 [6215703125, [1, 3, -7, -14, 15, 11, -7, -2, 1]],
 [6217760000, [11, -16, -35, 22, 37, -4, -11, 0, 1]],
 [6219170701, [-1, -7, -12, 6, 22, 2, -9, -1, 1]],
 [6228397609, [1, -1, -13, 0, 19, 0, -8, 0, 1]],
 [6244950625, [11, -61, -121, -2, 73, 14, -14, -2, 1]],
 [6268602493, [1, 2, -9, -16, 9, 15, -5, -3, 1]],
 [6269440000, [-1, -10, -27, -6, 40, 14, -13, -2, 1]],
 [6284782209, [-3, 9, 8, -40, 17, 20, -12, -1, 1]],
 [6287943125, [1, 3, -14, -14, 27, 7, -11, -1, 1]],
 [6291205625, [16, 24, -40, -40, 33, 20, -10, -3, 1]],
 [6291341312, [1, 0, -16, 8, 24, -4, -10, 0, 1]],
 [6291799317, [1, 0, -12, 5, 24, 1, -10, -1, 1]],
 [6293053097, [1, -1, -29, -12, 31, 7, -10, -1, 1]],
 [6293718125, [1, 7, -19, -21, 26, 12, -11, -1, 1]],
 [6294259901, [-1, -1, 19, -29, -2, 20, -5, -3, 1]],
 [6310218112, [-4, 24, -15, -35, 28, 11, -10, -1, 1]],
 [6312477161, [-2, 7, 5, -25, 3, 18, -5, -3, 1]],
 [6321509189, [1, -1, -18, -19, 16, 16, -6, -3, 1]],
 [6334211989, [1, 1, -15, -27, 5, 20, -3, -4, 1]],
 [6334510373, [1, 6, 0, -24, 9, 15, -7, -2, 1]],
 [6340741397, [5, 1, -22, -1, 27, 0, -10, 0, 1]],
 [6355908773, [-1, 8, -15, -5, 22, 0, -9, 0, 1]],
 [6358084525, [1, 5, -1, -18, 1, 18, -5, -3, 1]],
 [6359840000, [1, -14, -27, 22, 36, -4, -11, 0, 1]],
 [6366955625, [1, -7, -28, -4, 30, 8, -10, -2, 1]],
 [6368605625, [-1, 5, 3, -26, 15, 14, -8, -2, 1]],
 [6369656393, [-1, -11, -15, 19, 26, -7, -11, 0, 1]],
 [6381355625, [-1, -14, -44, -16, 37, 18, -9, -3, 1]],
 [6382150029, [-9, 18, 15, -41, 1, 23, -6, -3, 1]],
 [6383843125, [-1, 4, 6, -29, 12, 17, -9, -2, 1]],
 [6389923969, [-1, 1, 12, -18, -10, 20, -2, -4, 1]],
 [6409064448, [-1, 6, 1, -20, 5, 16, -7, -2, 1]],
 [6411393125, [1, 11, 9, -42, 11, 21, -9, -2, 1]],
 [6412140773, [1, 0, -11, -7, 18, 6, -8, -1, 1]],
 [6423663125, [19, -24, -51, 41, 53, -12, -16, 0, 1]],
 [6424673581, [-1, 5, 5, -17, -5, 16, -1, -4, 1]],
 [6425906293, [1, 5, -3, -23, 15, 13, -8, -2, 1]],
 [6429713125, [5, -5, -26, 11, 36, -1, -12, 0, 1]],
 [6435167813, [1, 3, -8, -10, 18, 6, -9, -1, 1]],
 [6439915813, [1, 3, -8, -12, 18, 11, -10, -1, 1]],
 [6446528125, [-1, 7, 10, -30, -4, 26, -7, -3, 1]],
 [6454278477, [1, -1, -16, -16, 16, 15, -6, -3, 1]],
 [6461898568, [1, -1, -13, 7, 22, -2, -9, 0, 1]],
 [6464000000, [-4, 8, 16, -36, -6, 32, -6, -4, 1]],
 [6471786617, [4, -6, -19, 12, 24, -5, -10, 0, 1]],
 [6474240000, [1, 4, -4, -20, 5, 20, -4, -4, 1]],
 [6477475013, [1, 4, -7, -13, 14, 10, -7, -2, 1]],
 [6495534365, [-1, 11, -17, -14, 23, 6, -9, -1, 1]],
 [6507750941, [-5, 29, -42, -9, 40, -1, -12, 0, 1]],
 [6511200625, [-4, -20, -19, 25, 32, -5, -11, 0, 1]],
 [6513754112, [-1, 4, 10, -32, 5, 24, -6, -4, 1]],
 [6515663125, [1, -3, -10, 19, 31, -3, -11, 0, 1]],
 [6518275625, [25, 0, -70, -10, 51, 6, -13, -1, 1]],
 [6522480625, [16, 8, -52, -26, 43, 13, -13, -1, 1]],
 [6529064681, [1, -1, -14, -7, 19, 6, -8, -1, 1]],
 [6530273157, [3, 6, -11, -19, 14, 16, -6, -3, 1]],
 [6532838045, [1, 4, -4, -21, 5, 17, -5, -3, 1]],
 [6536838041, [1, 5, -14, -11, 21, 6, -9, -1, 1]],
 [6544162816, [-1, 0, 14, -20, -9, 20, -2, -4, 1]],
 [6545974581, [-1, 9, 8, -32, 3, 19, -5, -3, 1]],
 [6551484949, [1, 2, -10, -7, 18, 5, -8, -1, 1]],
 [6553790000, [1, 8, -2, -29, 6, 20, -6, -3, 1]],
 [6560686136, [1, 6, -6, -21, 11, 20, -7, -3, 1]],
 [6564890117, [1, 3, -24, 1, 28, -1, -10, 0, 1]],
 [6565954285, [-1, -2, 27, -19, -31, 37, -8, -3, 1]],
 [6570807613, [-1, 8, -6, -19, 16, 9, -8, -1, 1]],
 [6576790669, [-1, 3, 11, -30, 2, 19, -5, -3, 1]],
 [6580002512, [-2, 12, -2, -26, 10, 15, -7, -2, 1]],
 [6581350625, [16, 0, -56, 10, 47, -5, -14, 0, 1]],
 [6586143125, [-1, -16, -29, 12, 37, 3, -11, -1, 1]],
 [6589841408, [-1, -4, 4, 32, 33, -4, -12, 0, 1]],
 [6590347533, [-1, -6, -7, 12, 20, -3, -9, 0, 1]],
 [6593440000, [49, 0, -91, 0, 55, 0, -13, 0, 1]],
 [6604668125, [1, 3, -8, -19, 20, 13, -10, -2, 1]],
 [6606580625, [19, -6, -67, -1, 62, 9, -15, -1, 1]],
 [6606711925, [-15, 25, 25, -51, 1, 24, -6, -3, 1]],
 [6621129533, [1, 1, -11, -13, 17, 10, -9, -1, 1]],
 [6627580625, [4, 14, -7, -33, 16, 16, -8, -2, 1]],
 [6636031901, [-1, 10, -1, -25, 7, 16, -5, -3, 1]],
 [6637128317, [1, 3, -5, -16, 5, 16, -5, -3, 1]],
 [6644217005, [1, 1, -16, -9, 20, 6, -8, -1, 1]],
 [6645775625, [5, 10, -26, -30, 24, 16, -9, -2, 1]],
 [6680465749, [1, 0, -9, -1, 20, 0, -9, 0, 1]],
 [6681228437, [1, 0, -13, -15, 14, 14, -6, -3, 1]],
 [6683765625, [1, 37, -25, -48, 29, 18, -10, -2, 1]],
 [6686018125, [11, 27, -20, -53, 20, 24, -8, -3, 1]],
 [6687753869, [-1, 4, 3, -20, 5, 15, -5, -3, 1]],
 [6688578125, [11, 59, -20, -104, 59, 21, -15, -1, 1]],
 [6692893741, [-1, 8, 4, -34, -3, 23, -3, -4, 1]],
 [6696454501, [-3, 11, 0, -25, 9, 15, -7, -2, 1]],
 [6701193125, [31, 64, -22, -73, 10, 29, -5, -4, 1]],
 [6714290368, [-1, 6, -3, -23, 20, 9, -9, -1, 1]],
 [6719202541, [-9, 22, 9, -41, 4, 22, -6, -3, 1]],
 [6721366709, [1, 1, -25, -9, 26, 6, -9, -1, 1]],
 [6723178496, [-1, 6, -3, -16, 11, 12, -7, -2, 1]],
 [6724000000, [1, 0, -9, 0, 21, 0, -9, 0, 1]],
 [6735023389, [1, 13, -11, -24, 15, 13, -7, -2, 1]],
 [6745066957, [-1, -7, -12, 6, 23, 3, -9, -1, 1]],
 [6748917209, [-1, 2, 8, -18, -4, 19, -5, -3, 1]],
 [6750180317, [1, -1, -22, -6, 25, 5, -9, -1, 1]],
 [6757482661, [1, 5, -6, -20, 16, 13, -10, -1, 1]],
 [6762289069, [-1, 4, 6, -22, 3, 17, -7, -2, 1]],
 [6762854249, [1, 3, -8, -11, 17, 7, -8, -1, 1]],
 [6770450069, [-1, 4, 7, -21, 0, 16, -4, -3, 1]],
 [6771538045, [1, 3, -12, -13, 22, 8, -10, -1, 1]],
 [6776605625, [-1, -12, -23, 10, 32, 3, -10, -1, 1]],
 [6784768073, [1, 3, -14, -12, 19, 7, -8, -1, 1]],
 [6786463949, [-1, 3, 6, -25, 13, 14, -8, -2, 1]],
 [6787938125, [4, 6, -25, -14, 26, 7, -9, -1, 1]],
 [6792688181, [-1, 4, 3, -21, 6, 16, -6, -3, 1]],
 [6796988125, [-1, 12, -1, -37, 21, 16, -11, -1, 1]],
 [6804959924, [-4, 20, -16, -25, 24, 9, -9, -1, 1]],
 [6809557248, [1, -2, -8, 6, 16, -4, -9, 0, 1]],
 [6810212509, [-3, 7, 11, -25, -7, 24, -6, -3, 1]],
 [6810213125, [19, -6, -56, 2, 47, 5, -12, -1, 1]],
 [6823413125, [1, -8, -20, 14, 31, -3, -11, 0, 1]],
 [6823963253, [1, 4, -7, -13, 11, 10, -6, -2, 1]],
 [6827542649, [-8, 9, 42, -62, 2, 27, -7, -3, 1]],
 [6841741693, [-1, 10, -13, -15, 19, 7, -8, -1, 1]],
 [6844203125, [11, 14, -36, -29, 35, 11, -11, -1, 1]],
 [6845203941, [1, 3, -8, -9, 16, 6, -8, -1, 1]],
 [6846265625, [11, 49, -1, -77, 14, 31, -9, -3, 1]],
 [6847146677, [-1, 5, 4, -30, 19, 11, -9, -1, 1]],
 [6851505625, [-1, 8, 20, -38, -7, 28, -7, -3, 1]],
 [6851599861, [-1, 2, 21, -25, -15, 27, -6, -3, 1]],
 [6851599861, [1, 4, -2, -17, -1, 17, -2, -4, 1]],
 [6854223113, [1, 0, -11, -8, 18, 8, -9, -1, 1]],
 [6855231233, [1, 4, -6, -14, 10, 13, -5, -3, 1]],
 [6857670584, [-1, -14, -35, 9, 36, -1, -11, 0, 1]],
 [6862655488, [-5, 14, 6, -36, 7, 24, -10, -2, 1]],
 [6863089408, [7, 0, -26, 0, 26, 0, -9, 0, 1]],
 [6876640000, [1, -6, -11, 20, 28, -4, -10, 0, 1]],
 [6882213125, [5, 10, -19, -21, 21, 12, -8, -2, 1]],
 [6882645533, [5, 6, -26, -23, 23, 13, -8, -2, 1]],
 [6891328125, [1, 31, -13, -62, 40, 17, -13, -1, 1]],
 [6892392448, [-1, -6, -5, 16, 20, -6, -10, 0, 1]],
 [6898146793, [-3, 17, -14, -25, 22, 10, -9, -1, 1]],
 [6903963125, [9, 9, -26, -19, 26, 10, -10, -1, 1]],
 [6906409061, [-1, 5, 1, -18, 4, 15, -5, -3, 1]],
 [6909170461, [4, -5, -25, 5, 26, -1, -9, 0, 1]],
 [6914290000, [-1, 5, 2, -32, 23, 12, -10, -1, 1]],
 [6914592376, [2, 4, -9, -16, 12, 14, -6, -3, 1]],
 [6916407296, [1, 4, -2, -16, 1, 16, -2, -4, 1]],
 [6917388649, [-1, 5, 3, -31, 12, 17, -8, -2, 1]],
 [6919553024, [-1, 8, -14, -8, 25, 0, -10, 0, 1]],
 [6928263125, [19, -8, -85, -8, 57, 7, -13, -1, 1]],
 [6930403328, [1, -6, -17, 8, 26, -2, -10, 0, 1]],
 [6936405625, [4, 6, -49, -17, 40, 8, -11, -1, 1]],
 [6938418125, [1, 8, -39, -14, 37, 7, -11, -1, 1]],
 [6962755509, [1, 6, 0, -24, 1, 21, -6, -3, 1]],
 [6966130625, [-19, 43, 7, -64, 20, 23, -10, -2, 1]],
 [6967443125, [11, 15, -35, -24, 33, 10, -11, -1, 1]]]
