[[9685993193, [-1, 5, 3, -20, -2, 24, 0, -9, 0, 1]],
 [11779563529, [1, 4, -4, -17, 5, 22, -2, -9, 0, 1]],
 [16240385609, [1, 7, -1, -25, -2, 26, 4, -9, -1, 1]],
 [16440305941, [1, -2, -9, 11, 28, -18, -34, 8, 13, 1]],
 [16898785417, [1, 7, 6, -19, -17, 18, 11, -7, -2, 1]],
 [16983563041, [-1, 1, 8, -7, -21, 15, 20, -10, -5, 1]],
 [17515230173, [1, -5, -2, 34, -24, -26, 29, -3, -4, 1]],
 [18625670317, [1, 4, -3, -19, 4, 23, -1, -9, 0, 1]],
 [18756753353, [-1, 0, 10, -1, -22, 4, 15, -4, -3, 1]],
 [19936446593, [-1, -2, 16, -1, -30, 7, 17, -5, -3, 1]],
 [20370652633, [-1, 1, 8, -8, -17, 15, 12, -8, -2, 1]],
 [22211510281, [1, 4, -2, -17, -1, 22, 3, -9, -1, 1]],
 [22384826361, [-1, 6, 0, -22, 3, 24, -1, -9, 0, 1]],
 [23041013113, [1, 5, -4, -21, 3, 24, -1, -9, 0, 1]],
 [25405254289, [-1, 4, 5, -17, -8, 22, 5, -9, -1, 1]]]